33
34
33
33
33
34
33
33
33
33
34
31
33
33
34
33
34
33
34
33
33
33
32
33
32
33
22
32
33
34
33
33
33
34
33
33
33
34
33
33
33
33
34
31
33
33
34
33
34
33
34
33
33
33
32
33
32
33
22
32
32
32
33
33
32
33
33
30
33
33
35
34
34
34
34
34
33
34
34
38
34
34
34
35
34
35
34
35
32
35
34
37
35
44
34
34
34
44
34
35
35
35
36
35
35
32
35
35
34
35
36
32
35
35
36
35
35
35
36
34
36
35
36
37
35
31
35
36
35
33
36
37
36
35
35
36
36
34
35
35
33
36
35
39
36
28
36
35
36
36
35
35
36
36
36
36
35
33
37
36
35
40
36
36
35
36
36
31
35
36
36
40
36
36
36
36
37
35
36
35
36
35
40
36
37
35
36
35
37
35
35
36
35
35
36
35
36
34
36
35
35
36
35
36
36
36
36
36
36
36
36
36
36
33
36
35
35
35
36
36
35
36
36
35
36
36
35
36
40
36
35
36
36
35
35
36
36
36
36
35
36
35
36
35
34
37
35
35
36
33
36
36
37
35
39
39
37
37
37
37
35
37
38
38
38
32
38
38
38
39
42
39
39
39
40
42
40
40
40
42
42
41
40
41
43
41
41
42
42
39
41
41
41
41
42
41
41
42
41
38
41
41
41
40
40
42
39
40
40
39
40
39
39
39
37
38
39
39
39
39
42
39
39
40
38
39
38
39
38
39
37
40
40
40
39
27
40
40
40
40
15
56
41
41
41
36
30
42
41
42
41
49
46
42
42
41
45
49
42
42
42
42
39
41
42
41
43
39
45
41
41
41
40
39
39
41
40
40
40
41
39
38
39
39
41
39
39
39
40
41
39
38
39
38
38
37
39
39
39
39
39
43
38
39
40
40
38
39
40
40
41
39
40
40
41
40
42
41
41
41
41
39
43
42
41
41
41
42
41
42
42
42
43
42
42
42
42
41
40
42
42
41
41
41
41
40
41
40
40
43
40
40
39
40
39
39
39
40
40
39
38
39
40
39
39
41
39
39
39
39
38
40
38
39
39
35
38
39
39
40
39
40
40
40
40
41
40
40
42
41
42
41
42
41
41
44
42
42
42
41
42
42
42
41
41
42
42
41
41
41
41
39
41
41
41
40
40
40
40
40
41
40
40
41
39
39
38
38
39
39
39
39
38
39
39
39
38
39
38
38
38
38
38
38
38
38
37
37
38
38
37
39
37
37
38
37
37
37
38
36
36
37
38
39
37
36
38
36
36
34
37
37
37
36
38
37
36
36
36
37
35
35
36
36
36
40
37
36
37
36
36
35
36
36
36
36
37
35
33
36
36
36
36
35
36
36
36
37
35
36
36
36
36
34
40
36
35
36
30
35
35
36
36
39
46
36
36
36
35
36
36
35
36
31
36
36
36
36
37
1
33
36
36
35
36
36
35
35
36
36
35
38
36
36
35
36
36
38
35
36
36
37
36
36
35
36
36
38
35
35
36
36
35
35
36
36
36
36
34
36
36
36
35
36
36
36
35
36
36
37
36
36
36
35
36
36
36
36
35
38
36
36
35
36
36
36
36
36
36
36
40
34
34
36
36
35
35
36
33
34
35
32
34
35
35
35
34
31
33
34
33
34
34
25
33
33
33
28
33
33
33
32
32
42
34
16
32
31
32
31
30
31
31
30
29
26
32
32
31
32
27
32
32
32
17
30
32
33
32
32
31
32
32
33
33
33
32
33
33
34
33
33
33
34
34
33
33
34
34
33
34
33
32
33
33
33
33
33
34
32
33
34
32
31
32
33
32
32
32
32
33
32
32
32
32
29
30
31
32
31
28
31
32
31
31
31
32
32
31
31
31
32
31
32
31
32
33
32
33
32
33
32
33
33
33
32
31
33
30
33
33
33
33
34
36
33
34
47
34
34
34
34
33
34
34
34
33
33
33
32
33
30
32
32
33
33
32
32
32
32
31
32
31
27
32
31
31
31
31
32
31
31
31
32
31
30
31
31
31
32
32
32
31
31
32
32
31
30
32
32
31
30
30
32
33
30
32
33
33
33
33
32
38
34
33
33
30
35
33
34
34
43
37
33
33
34
34
29
33
33
34
21
33
33
33
33
32
32
32
30
31
32
31
32
32
31
34
32
31
31
31
31
31
30
31
30
31
31
31
32
32
30
31
31
31
30
31
31
31
32
31
32
32
33
32
33
