134
135
134
133
133
133
133
133
131
130
133
132
132
132
132
132
132
132
132
133
134
134
132
133
134
134
135
134
133
133
133
133
133
131
130
133
132
132
132
132
132
132
132
132
133
133
135
135
134
134
134
134
133
133
131
133
134
133
132
133
134
132
132
132
135
139
132
133
131
131
132
132
131
131
131
131
132
132
131
131
132
134
131
132
132
132
132
131
133
133
133
134
133
133
133
134
133
134
135
134
134
135
136
134
135
134
135
135
135
135
135
137
129
136
135
137
136
135
136
137
131
136
136
139
132
136
136
136
136
137
136
132
138
136
136
137
137
138
136
137
137
135
137
137
138
136
137
138
137
139
139
138
137
139
138
138
139
140
137
140
140
139
139
140
139
140
140
141
140
140
141
142
141
141
142
142
141
142
142
141
142
142
142
141
143
142
142
143
142
140
144
142
143
142
141
140
142
141
141
144
141
141
140
140
141
142
141
139
141
141
140
140
140
141
139
140
140
140
139
140
140
139
144
139
139
138
140
139
139
139
140
138
139
138
139
138
139
132
138
139
138
146
138
139
138
137
138
138
141
138
138
139
134
137
137
138
138
137
137
138
136
137
135
135
141
136
134
135
135
135
135
135
134
136
125
134
134
132
133
133
132
132
133
132
132
136
133
131
133
135
132
132
133
132
133
133
132
132
133
134
129
133
133
134
132
134
134
135
134
134
134
135
134
135
134
134
118
134
134
135
136
135
135
138
135
135
135
135
136
132
135
135
136
135
134
133
132
135
134
133
126
134
133
121
134
133
130
133
131
133
135
132
132
132
133
129
132
132
133
132
131
133
133
132
133
133
132
134
135
132
132
133
133
132
133
134
135
133
136
134
133
129
134
134
135
135
135
134
136
135
134
137
135
135
134
135
136
135
135
135
135
135
131
135
133
135
134
134
132
134
133
133
134
134
134
133
133
132
133
132
133
133
133
132
132
131
132
132
142
131
132
132
132
132
132
132
132
133
131
133
137
132
132
131
133
133
133
126
134
134
134
134
134
133
135
134
134
134
135
134
135
131
134
134
133
136
135
135
135
135
134
135
137
135
134
134
135
134
135
135
133
103
135
133
131
133
134
132
132
133
133
131
140
132
131
132
132
131
131
132
131
131
135
133
131
131
132
133
131
133
151
132
133
133
132
131
132
133
132
134
134
134
133
133
134
129
133
131
134
134
134
135
134
135
137
135
134
137
133
134
134
134
133
134
135
134
134
134
133
132
134
134
133
133
134
132
133
132
133
133
131
132
134
132
132
133
131
132
132
131
132
132
131
131
132
131
131
130
132
130
131
130
131
129
130
130
130
130
130
130
130
129
129
130
129
129
130
130
133
129
129
119
129
130
129
130
130
130
129
130
130
130
129
129
133
130
129
130
129
129
130
130
129
130
129
129
130
129
128
129
129
130
132
128
135
129
128
129
129
129
130
125
129
128
131
130
129
127
129
130
129
130
131
130
131
131
131
129
131
131
132
133
132
132
132
135
132
132
133
133
133
132
134
136
134
134
135
132
134
135
134
133
137
135
134
135
125
136
135
134
135
135
135
135
136
136
136
143
135
136
136
135
133
136
137
135
136
137
137
136
137
133
137
139
139
137
124
138
137
137
138
140
138
138
139
139
138
139
140
140
140
141
140
140
141
142
140
140
143
140
140
142
142
141
141
142
140
142
142
142
142
142
142
144
142
143
142
141
139
143
141
140
142
142
141
143
142
141
142
141
141
140
141
140
139
140
141
140
142
140
140
139
139
139
140
138
140
139
137
140
139
139
139
140
141
138
139
139
139
137
139
139
139
140
139
138
139
137
139
137
138
139
137
137
138
138
136
138
138
138
138
139
138
137
138
138
137
139
138
137
137
138
138
138
138
138
138
137
137
138
138
135
138
137
137
137
138
137
137
139
138
137
138
139
137
139
138
142
138
138
138
133
139
139
143
139
140
139
136
139
141
140
141
141
141
140
140
142
141
141
141
141
141
142
141
141
142
142
149
143
143
143
145
142
142
144
143
143
143
142
143
144
143
143
144
143
143
143
142
144
144
144
145
144
144
141
143
144
144
124
144
146
144
143
144
145
144
142
144
145
146
145
145
144
145
144
145
143
146
145
144
146
145
145
144
145
145
146
146
145
145
144
145
145
144
147
144
144
144
147
145
144
145
147
145
145
145
145
142
145
144
144
144
145
144
144
147
145
145
145
144
145
144
145
145
146
133
145
144
144
146
145
144
145
146
147
145
145
154
145
145
139
146
145
142
147
146
146
146
149
146
148
147
143
148
148
147
142
147
148
147
148
147
148
149
150
149
148
149
149
149
150
150
150
148
149
150
147
149
149
148
149
148
148
147
148
146
149
146
148
146
147
146
146
145
144
145
145
145
150
144
144
144
143
145
142
143
144
142
140
143
142
141
142
142
142
142
142
142
142
143
142
142
142
143
142
143
143
143
142
140
141
144
143
143
143
144
143
143
143
143
143
141
142
144
151
143
143
144
143
142
143
144
142
142
142
142
142
143
142
141
142
142
142
138
141
143
141
146
142
141
140
140
141
140
141
140
140
140
139
140
140
140
139
140
140
141
140
139
140
138
141
141
141
142
140
142
142
140
140
143
141
142
141
142
142
143
141
142
143
143
142
142
143
142
143
142
143
143
142
137
143
143
143
143
143
142
142
142
141
142
142
140
141
143
140
141
141
142
141
141
140
141
142
141
141
142
141
140
141
140
141
140
140
140
141
141
139
141
141
140
144
141
140
140
159
140
141
142
143
141
141
142
145
142
142
140
144
142
143
143
143
143
143
142
143
144
143
142
127
143
143
142
143
143
143
142
142
143
142
142
142
142
143
142
142
141
143
141
142
141
141
140
140
141
141
142
140
131
140
135
140
140
139
141
140
140
135
141
142
140
140
142
140
140
141
140
141
141
141
142
143
141
141
142
143
141
141
142
143
142
134
142
142
143
143
144
143
143
142
143
143
143
143
142
144
143
142
142
145
143
142
143
142
141
143
142
142
140
141
141
141
141
141
141
140
140
141
142
140
140
141
143
140
140
139
140
141
141
139
140
139
138
139
140
140
139
139
139
139
139
139
139
138
138
136
138
138
139
133
138
139
139
137
138
138
139
138
138
138
137
138
125
137
138
138
137
138
137
135
136
135
136
136
134
135
134
136
135
135
136
134
135
134
133
133
134
133
132
133
133
130
133
133
132
132
132
132
132
133
131
131
130
132
132
130
128
131
130
130
131
130
130
131
131
129
131
130
130
130
131
130
130
129
124
132
129
129
130
129
132
130
129
134
130
129
120
128
129
129
130
127
129
133
129
129
130
130
129
129
129
129
129
129
129
129
129
128
130
130
129
130
129
129
128
129
129
129
129
129
129
130
129
130
129
131
131
129
130
129
132
131
131
131
130
131
132
132
133
132
133
132
133
134
133
132
134
138
133
134
134
136
134
134
133
134
134
134
134
133
135
134
133
133
135
133
132
134
133
132
134
133
132
132
137
132
131
133
129
131
131
132
129
131
132
133
132
131
131
129
132
132
133
131
132
136
132
131
133
134
132
133
134
142
133
134
133
131
134
134
134
136
134
134
