35
37
37
37
38
39
39
39
39
36
40
39
40
39
35
41
39
40
41
41
40
41
41
42
37
41
41
41
42
41
41
41
41
40
40
41
41
39
41
40
37
43
40
40
40
41
39
40
29
41
38
39
39
39
34
39
39
38
39
40
38
38
39
38
32
38
39
39
39
38
39
46
40
40
40
40
40
43
40
40
41
43
38
41
40
41
39
42
41
42
42
36
41
43
42
42
41
42
42
41
45
41
43
41
42
41
42
42
40
41
41
41
41
41
41
41
40
40
40
40
40
38
41
39
40
39
39
38
40
38
39
36
39
39
38
38
42
38
38
36
37
38
36
39
37
37
37
39
37
36
38
35
37
37
37
24
37
37
37
36
37
36
36
35
37
36
36
37
36
36
39
38
37
36
36
37
36
36
37
24
36
37
36
33
36
37
36
34
36
37
35
36
36
36
35
36
36
36
36
38
35
36
36
33
36
36
37
40
37
37
36
34
37
37
40
38
38
38
38
38
39
39
39
38
40
39
39
42
40
40
40
38
40
41
39
41
41
41
40
40
41
41
41
41
41
41
42
40
43
41
41
41
41
40
40
41
40
40
40
39
40
40
39
44
40
39
39
37
39
38
38
39
40
38
37
38
39
38
38
36
38
40
39
37
38
40
39
41
40
40
38
42
40
40
40
40
40
39
41
42
41
40
41
27
41
41
41
44
46
41
41
42
41
41
42
42
41
42
40
41
42
41
40
41
41
40
40
40
40
41
39
39
39
41
43
39
39
39
41
38
38
39
38
39
38
39
40
38
39
39
38
39
39
38
42
40
38
39
26
40
39
39
39
49
40
40
41
41
41
41
38
41
42
41
47
42
42
42
40
42
42
42
41
33
42
42
41
41
42
39
42
41
42
41
42
41
43
41
41
41
40
40
40
40
41
39
40
40
42
38
39
40
41
39
39
40
40
38
38
39
39
39
38
38
41
38
39
38
30
39
40
39
39
40
40
39
39
40
41
42
40
41
41
41
41
42
42
41
41
42
42
42
42
42
41
43
41
42
41
43
41
41
41
42
42
41
41
41
41
46
41
40
40
40
40
36
41
40
40
39
39
40
39
39
37
39
40
38
38
39
39
38
38
38
39
53
38
38
38
33
35
37
37
40
38
37
32
36
37
37
36
38
37
37
38
37
37
39
35
36
37
37
35
36
37
36
36
36
36
37
36
36
37
31
36
36
37
36
37
36
35
36
37
36
37
35
36
35
38
48
36
36
37
36
35
35
36
36
36
34
36
35
36
34
36
35
35
36
36
36
36
16
36
36
34
35
36
33
35
36
35
36
27
36
36
35
36
36
36
37
36
36
35
40
31
36
35
34
36
36
36
35
35
36
35
35
35
36
32
35
35
38
36
35
36
36
29
35
35
36
35
36
36
35
35
36
36
34
36
37
36
36
36
37
36
36
36
35
37
38
37
37
39
38
38
36
39
39
38
39
38
39
40
37
37
40
41
41
40
40
44
41
40
41
43
42
41
41
42
41
41
41
40
42
41
45
41
41
41
40
40
41
40
40
40
41
40
40
40
40
40
40
39
40
40
39
39
40
36
39
38
39
39
39
39
38
38
38
40
37
37
38
38
21
37
37
38
37
37
35
35
37
37
38
37
38
37
37
37
38
36
39
36
37
35
38
37
36
37
36
36
36
41
36
36
37
35
36
36
36
40
39
36
35
36
37
35
39
36
36
37
32
41
36
37
36
35
36
34
36
36
35
37
35
36
36
37
36
36
37
36
37
37
36
34
37
38
37
37
38
38
39
38
39
39
27
39
38
38
40
39
40
38
41
40
40
43
41
41
41
41
40
41
40
40
40
42
39
43
40
41
41
40
40
42
40
41
40
39
40
40
39
39
39
40
36
40
39
40
39
35
39
39
40
39
39
38
39
39
38
38
41
39
38
39
38
39
39
39
41
40
39
39
34
40
40
41
36
41
40
40
41
41
42
41
41
41
42
43
42
41
42
45
42
41
40
45
42
41
41
42
41
41
41
41
41
40
40
40
41
40
42
40
40
40
38
39
40
39
42
39
39
40
38
39
38
40
39
39
38
40
39
46
39
38
40
38
39
38
40
39
39
40
39
41
39
40
40
41
40
40
40
41
40
39
41
41
42
42
42
41
44
41
41
42
42
61
41
43
42
40
42
42
43
43
41
41
41
39
41
40
41
41
41
40
37
40
41
39
44
40
39
40
42
39
39
40
38
39
39
39
42
39
40
40
36
39
39
40
38
40
40
40
40
52
40
42
40
41
40
45
41
41
41
39
41
41
41
41
41
42
43
40
37
42
43
43
42
42
53
41
41
42
41
42
42
40
40
42
40
41
40
41
41
40
40
40
40
40
37
39
40
38
39
39
40
38
39
39
38
40
38
38
38
43
38
38
38
37
39
38
37
39
38
37
37
37
38
37
37
37
37
37
36
37
36
36
36
37
36
36
33
36
36
36
37
36
36
37
36
36
36
33
35
35
38
36
35
36
35
28
34
36
35
34
34
34
36
33
33
32
34
33
32
30
30
32
32
31
30
32
32
30
32
32
32
32
32
32
32
32
32
33
33
33
32
32
34
48
32
33
31
33
33
33
35
34
34
33
33
34
33
34
31
34
33
34
36
34
34
35
35
33
35
31
34
34
35
38
38
35
34
35
35
35
35
35
35
35
34
34
35
35
35
34
36
35
35
38
36
34
35
35
35
36
38
35
35
36
34
35
35
36
34
34
35
35
35
35
35
35
34
32
36
36
35
36
35
35
38
36
36
35
39
36
35
35
34
35
36
36
35
35
36
35
38
36
36
39
35
35
35
36
36
35
35
34
36
36
35
35
30
35
35
35
36
35
36
34
36
36
36
37
32
36
35
35
36
36
35
30
36
37
34
35
36
37
34
35
36
36
39
35
36
36
34
36
36
35
36
35
36
33
36
37
35
35
36
36
36
35
35
36
36
37
36
36
37
35
35
35
32
36
36
36
37
36
36
35
34
37
36
37
36
36
35
35
34
36
36
35
35
35
37
38
33
36
36
35
36
36
37
34
36
37
37
37
46
37
38
41
38
38
38
40
40
39
38
39
40
39
36
40
40
40
45
40
40
42
41
41
40
52
43
40
41
41
41
41
41
41
41
41
40
38
41
41
41
40
41
40
40
38
40
40
39
39
39
40
39
42
39
39
39
38
38
38
37
38
38
39
42
37
38
37
35
39
37
37
35
38
37
37
37
37
37
37
41
37
38
36
35
37
37
37
38
36
37
37
36
36
37
36
36
36
36
37
36
36
36
34
35
35
35
32
36
35
33
34
35
34
36
34
34
33
33
35
33
34
33
33
40
33
31
32
32
32
32
30
32
32
32
31
31
32
33
32
32
32
32
31
32
32
32
33
32
32
32
33
32
33
32
38
34
33
32
33
34
33
37
33
35
34
33
34
34
34
33
33
34
34
33
33
33
33
33
33
32
33
35
33
32
32
14
32
32
32
31
32
32
32
