34
32
32
32
32
32
33
41
33
33
32
32
32
31
33
32
32
31
35
32
32
31
32
32
31
31
31
32
31
24
32
26
34
32
32
32
32
32
33
41
33
33
32
32
32
31
33
32
32
31
35
32
32
31
32
32
31
31
31
32
31
24
32
26
34
32
32
32
32
32
33
34
33
33
34
33
33
33
31
31
32
32
30
32
31
31
32
31
30
31
32
31
27
31
31
30
31
31
31
32
31
30
31
32
32
33
32
33
34
31
26
33
33
32
32
30
32
32
33
33
33
33
33
21
33
34
33
34
34
35
33
34
34
34
34
34
34
34
35
36
4
34
35
35
34
35
35
35
34
34
35
36
35
34
36
35
36
35
35
32
36
34
35
36
36
36
36
36
36
37
38
33
39
37
37
37
38
39
36
36
38
39
39
39
39
40
39
39
40
40
41
40
44
40
41
41
41
41
41
41
41
41
42
42
41
41
39
41
42
40
40
40
41
39
41
40
40
40
40
47
46
40
39
39
39
40
40
40
40
39
39
39
39
41
39
39
39
39
39
39
39
39
39
39
39
39
61
49
40
40
40
40
36
38
40
40
43
40
40
41
42
44
42
41
42
42
42
41
42
42
41
42
42
42
42
41
43
36
42
41
42
41
42
41
40
41
41
41
41
40
39
40
40
39
39
41
39
40
39
39
39
38
39
39
39
42
38
38
39
38
38
38
40
38
38
38
38
38
37
37
37
37
37
37
37
37
36
37
37
37
38
37
36
38
38
36
37
36
36
32
37
36
36
37
36
35
36
34
36
35
35
35
35
34
34
33
35
34
34
33
37
33
33
33
33
33
32
35
32
33
32
32
31
56
31
32
31
32
32
32
32
32
31
31
31
32
32
29
34
31
32
33
32
32
30
36
33
32
32
33
33
33
32
33
34
33
33
34
35
34
34
33
34
34
34
33
33
36
33
33
33
34
33
33
31
32
35
33
32
33
33
33
32
32
33
32
32
32
32
32
31
32
31
32
28
37
21
31
31
31
31
31
32
30
30
32
32
31
31
32
32
31
31
31
32
33
32
32
32
33
32
32
33
33
33
33
32
33
34
33
33
33
34
32
33
33
34
34
32
36
34
33
33
32
33
33
36
26
32
32
33
32
32
32
32
29
32
32
32
31
31
34
32
31
30
30
31
31
28
29
31
31
31
31
31
32
32
31
31
31
32
32
31
32
33
32
32
32
32
33
35
32
31
33
33
33
33
33
34
33
33
33
34
33
53
35
35
33
34
34
34
38
35
34
34
35
34
34
31
37
32
36
34
35
35
33
36
35
35
35
35
35
37
33
34
36
35
36
35
35
36
38
35
36
36
36
37
36
37
37
37
37
37
37
38
36
37
38
38
38
39
38
42
41
38
40
39
41
40
40
40
40
41
40
41
41
42
41
42
42
41
41
41
41
41
41
40
40
41
41
40
41
51
40
41
40
40
40
41
40
41
42
43
39
39
39
40
37
40
40
38
39
38
38
38
39
38
37
38
39
38
38
38
40
39
36
38
37
38
37
38
38
37
37
37
37
37
38
37
37
37
38
36
37
38
35
37
37
36
36
37
36
37
36
36
35
35
35
35
37
35
35
34
35
34
34
31
33
33
33
32
33
51
33
24
32
33
32
32
32
26
29
32
32
31
33
32
35
32
34
32
33
33
33
34
33
31
37
36
34
35
35
36
34
35
36
36
37
37
37
37
38
38
38
38
39
39
39
40
40
40
39
39
40
40
36
40
39
40
40
39
39
40
39
38
39
39
40
40
39
36
39
40
39
39
39
39
40
37
39
39
38
38
38
38
39
39
37
38
38
37
37
39
36
37
37
37
37
38
41
40
36
38
37
36
37
37
36
36
37
37
37
37
37
34
38
38
37
36
37
36
38
35
36
36
35
36
35
36
36
34
34
35
35
34
34
34
35
34
33
33
34
33
32
34
32
33
32
32
32
33
32
32
31
32
31
31
28
30
32
31
31
32
32
31
29
33
32
32
32
32
20
35
32
32
32
34
32
33
32
31
33
32
33
32
34
33
32
33
34
34
33
34
34
38
32
34
34
35
34
34
37
36
34
34
34
35
35
37
37
35
35
34
35
35
37
45
34
35
35
36
42
37
33
36
35
35
35
36
38
36
35
37
36
37
36
36
38
39
37
37
38
38
37
38
38
39
38
39
39
39
39
41
40
40
41
40
39
40
40
40
41
41
42
40
45
42
40
41
40
40
39
37
39
38
38
38
38
37
37
38
38
37
37
37
37
33
32
37
37
35
35
34
39
34
34
34
34
35
34
34
34
34
34
34
34
34
36
33
33
33
34
33
32
35
34
34
33
33
34
34
32
35
33
35
34
39
34
34
36
37
35
34
34
34
34
32
36
35
36
34
34
34
33
34
34
34
33
33
33
34
33
33
32
33
33
32
32
32
33
32
32
32
32
31
31
31
32
32
30
31
31
31
31
34
31
32
32
31
31
44
18
31
32
32
32
32
32
29
37
32
32
32
32
32
33
31
32
34
32
33
33
32
33
34
33
33
34
34
34
34
34
34
34
34
34
37
34
34
34
35
34
34
34
35
34
35
35
35
35
37
36
36
36
34
35
35
36
36
34
35
35
36
35
35
35
36
38
32
35
36
35
34
35
36
35
36
35
35
36
35
36
35
36
36
36
35
36
36
35
35
35
36
35
36
35
33
37
35
36
36
37
35
34
35
37
36
35
36
35
28
52
33
35
36
36
35
35
36
36
37
34
38
36
35
36
36
38
36
35
35
36
36
36
36
36
37
36
36
37
37
36
37
37
37
38
37
38
38
39
38
38
39
39
37
39
39
39
41
40
40
41
42
41
41
40
41
41
41
41
40
41
41
42
41
42
41
41
41
40
41
41
41
41
41
41
41
40
41
40
40
40
40
39
40
40
39
29
39
42
36
40
39
38
38
38
35
40
36
39
39
38
38
35
37
38
37
37
38
38
37
35
36
38
37
37
37
40
36
37
36
37
37
30
37
38
39
36
36
36
37
36
36
36
38
36
36
36
36
37
36
36
36
36
36
36
36
34
37
36
36
36
36
36
36
36
36
37
36
36
36
37
36
37
37
37
36
36
36
45
32
36
36
36
37
36
36
36
36
35
35
36
36
36
39
37
36
36
36
35
35
34
34
35
35
36
36
35
33
37
36
35
36
36
38
36
36
37
35
36
36
35
33
37
36
35
36
36
36
34
37
37
36
34
36
36
36
37
33
36
36
36
35
36
33
37
35
35
35
36
49
35
37
30
37
36
35
36
37
34
35
35
36
36
36
36
35
36
35
35
35
36
36
36
32
36
36
35
36
36
36
38
35
35
36
27
36
35
35
32
36
35
36
36
36
36
36
36
36
36
36
36
37
36
36
35
36
35
36
36
36
34
37
36
36
36
35
36
36
36
35
36
35
40
21
39
37
36
36
36
36
36
37
39
37
35
36
36
36
36
35
38
36
35
35
36
35
36
35
36
36
36
36
35
36
35
35
35
36
35
35
37
30
36
35
35
35
35
32
35
34
34
34
33
33
32
33
33
32
32
33
32
33
32
33
32
32
31
31
32
28
31
31
32
31
30
32
34
31
29
32
32
32
32
29
33
33
32
32
32
33
34
