141
142
142
141
142
142
140
142
141
141
138
142
145
142
142
144
117
142
142
143
142
142
143
143
142
141
142
142
141
142
142
140
142
141
141
138
142
145
142
142
144
117
142
142
143
142
142
143
143
142
141
142
142
141
142
142
140
142
141
141
138
141
144
143
139
142
140
139
141
145
139
139
140
139
140
140
143
139
140
139
138
138
140
139
138
138
139
137
137
136
141
139
138
138
138
138
139
138
138
139
138
137
137
139
138
134
138
138
138
138
138
137
139
137
137
138
135
139
138
137
138
139
137
138
138
136
143
138
138
137
137
138
137
138
138
138
138
138
139
137
137
139
134
137
138
138
137
137
138
137
137
138
137
136
134
141
138
136
138
138
137
138
138
138
138
137
138
138
137
139
138
137
138
137
137
138
139
138
134
136
137
136
137
137
136
136
136
136
135
137
135
135
136
135
134
134
134
135
134
133
138
133
134
133
134
132
133
133
128
134
136
132
132
133
133
133
133
133
134
134
133
134
134
135
136
130
133
136
136
135
135
136
137
137
136
139
138
138
138
138
138
138
138
139
145
140
138
137
140
140
136
140
140
142
139
140
140
161
140
139
139
140
141
140
139
140
141
140
139
135
140
139
140
139
139
139
140
139
139
140
138
139
139
140
139
139
139
141
139
140
140
139
140
140
137
140
141
141
140
140
141
141
140
141
143
141
139
142
142
142
142
142
143
143
142
142
140
141
146
142
142
143
142
142
143
142
132
142
143
142
142
143
142
141
142
141
141
141
142
141
140
141
142
141
140
141
141
140
140
140
140
142
137
140
139
140
140
140
142
140
141
140
141
140
141
138
141
141
141
141
142
141
140
142
140
140
139
142
141
142
142
143
142
142
142
143
142
143
142
143
143
143
142
143
143
142
142
143
143
140
142
142
142
142
143
141
142
143
142
140
142
139
142
145
141
142
141
140
141
141
140
140
142
140
141
141
139
139
141
139
138
140
139
139
139
139
139
139
139
139
138
140
139
139
139
140
138
139
138
141
139
138
138
139
138
139
139
139
140
133
139
137
139
139
135
140
137
140
136
137
136
138
137
136
131
135
135
136
134
135
134
134
134
134
136
134
132
133
133
133
134
132
133
133
132
132
133
133
133
133
133
134
133
133
133
135
133
134
135
135
135
136
136
137
138
136
136
137
138
137
138
138
140
137
136
139
140
138
149
139
140
140
140
139
140
140
140
139
140
142
141
138
141
141
139
141
140
141
140
140
142
140
136
140
141
140
141
139
139
139
140
138
139
139
140
139
140
139
138
140
128
138
138
140
139
138
138
139
137
138
139
139
139
138
139
139
139
139
139
137
139
139
138
137
139
137
137
137
138
136
138
137
137
138
138
138
138
138
138
137
137
138
137
139
138
138
138
137
138
137
137
138
138
137
138
138
138
137
141
138
137
137
138
139
137
138
137
139
125
138
138
137
138
138
138
137
139
138
137
138
138
138
138
140
138
124
137
135
139
136
139
136
135
137
132
137
137
138
137
136
137
138
135
137
138
138
138
138
137
137
151
138
136
137
139
137
137
137
138
136
139
138
138
137
138
138
137
138
138
