32
32
32
33
31
32
32
32
31
31
31
31
31
31
31
30
31
30
30
30
31
30
30
30
31
30
30
29
30
30
30
30
29
31
29
30
29
30
30
29
29
29
30
29
30
29
29
29
27
27
29
25
29
28
23
29
31
30
29
34
28
31
29
28
29
29
29
28
29
28
28
28
29
29
28
28
28
29
28
29
29
29
28
29
28
28
30
28
28
28
30
29
29
29
29
29
30
30
29
30
31
34
30
31
31
30
30
31
31
30
31
32
32
31
29
32
30
32
31
32
32
33
32
33
33
34
33
33
33
33
33
33
33
33
33
33
32
32
33
32
32
32
33
32
32
30
32
31
32
31
31
32
31
32
31
31
31
30
31
33
31
31
31
31
31
30
31
31
31
32
33
30
31
32
34
31
30
32
19
32
32
32
33
32
32
32
34
33
34
33
34
33
33
33
33
36
33
33
33
34
33
28
33
33
33
37
33
34
34
33
32
34
33
27
33
33
33
32
32
32
32
32
31
31
32
32
29
31
30
31
34
31
33
31
31
31
30
31
31
31
31
31
31
32
31
32
32
33
32
32
32
33
32
33
33
33
33
31
33
31
34
38
33
31
34
34
33
32
34
32
34
35
33
35
33
32
33
33
33
34
33
33
33
33
33
31
33
32
32
31
32
32
30
31
32
32
34
31
30
31
31
31
31
31
29
31
31
31
32
31
32
31
31
31
31
31
33
31
31
32
32
32
31
32
32
33
33
34
32
33
33
31
33
31
34
32
33
34
34
33
34
33
34
35
34
34
34
36
34
34
34
34
34
35
36
34
35
34
37
34
35
35
33
35
35
34
34
35
39
35
35
35
35
35
36
38
35
35
36
35
36
35
36
35
35
35
34
35
35
40
35
33
35
38
35
36
35
36
35
37
36
36
35
36
35
35
30
35
36
35
35
36
32
36
35
35
37
36
33
36
37
36
36
36
36
36
37
35
36
36
35
35
35
36
37
35
36
36
36
35
37
36
35
36
36
35
35
36
35
36
35
36
36
36
36
37
36
37
36
35
36
36
36
43
36
36
35
35
36
38
35
36
35
36
36
33
35
36
36
35
35
36
37
36
35
36
36
35
38
36
20
36
36
36
36
37
38
35
36
36
33
36
36
36
39
35
33
35
38
36
35
35
37
36
35
35
37
37
35
36
36
37
36
36
36
37
36
37
35
37
38
38
38
38
38
39
38
39
39
39
39
39
40
40
40
38
40
41
41
44
40
42
41
40
41
39
42
41
41
43
42
43
41
39
41
41
41
41
39
42
40
42
40
41
40
43
40
40
40
41
39
39
40
37
39
40
39
40
38
39
32
38
38
38
38
40
38
39
37
38
38
38
37
37
38
37
37
37
38
36
46
37
37
37
37
37
37
38
37
36
36
37
35
36
60
37
37
36
35
36
38
36
36
35
36
35
30
34
36
34
34
34
34
34
33
33
34
33
32
33
32
33
33
32
32
32
33
32
32
31
32
31
31
43
31
32
31
30
31
31
32
32
32
35
32
31
47
33
33
33
33
32
33
33
32
33
33
34
33
33
33
33
33
33
33
34
34
34
34
34
34
41
43
34
35
34
34
34
35
34
34
34
35
31
35
36
35
36
34
35
34
36
35
35
35
35
35
34
35
35
36
34
35
32
30
35
35
35
35
31
20
35
36
36
35
35
34
36
35
35
35
35
36
36
36
35
35
36
33
35
36
35
36
36
41
36
33
35
39
36
31
35
36
36
36
36
34
36
35
35
36
35
36
35
37
36
34
36
33
35
33
37
37
36
38
38
32
36
35
36
35
36
35
36
37
36
36
36
32
37
37
37
38
37
25
37
38
39
38
39
33
39
39
39
38
40
40
40
40
40
41
40
40
40
41
40
41
41
