135
134
134
133
133
134
133
133
130
133
134
133
134
134
134
134
133
134
135
133
134
134
134
134
134
135
134
134
133
134
131
134
134
136
132
133
135
132
130
133
134
132
133
132
132
132
132
132
133
132
131
132
131
133
131
130
132
132
131
132
129
133
131
141
133
132
133
134
132
133
135
133
132
134
134
131
134
134
127
134
134
129
138
135
134
134
134
136
135
135
134
135
135
134
135
135
134
134
134
140
134
134
133
131
134
133
133
133
129
132
131
133
133
136
132
132
133
132
132
132
132
132
133
132
131
132
132
132
132
132
129
131
132
132
133
132
132
133
135
132
134
132
133
133
133
132
134
135
133
133
131
134
135
135
134
136
136
134
134
135
135
136
134
134
135
134
137
135
135
134
134
145
134
132
134
133
131
134
133
132
133
135
132
131
133
133
131
132
132
138
132
132
144
131
133
131
131
131
132
132
130
131
131
130
129
132
131
130
131
131
130
131
130
129
128
131
130
129
130
130
129
130
130
137
129
129
129
130
130
132
129
128
130
129
129
129
131
129
127
130
99
129
129
129
129
129
131
129
129
130
130
127
128
129
129
132
129
129
129
128
130
131
129
126
130
129
129
129
131
129
130
131
129
130
131
129
130
132
131
131
131
131
131
131
132
132
132
136
133
133
132
133
134
132
132
133
134
133
134
134
134
133
135
134
135
135
133
133
134
135
134
134
134
135
134
136
134
134
133
133
132
135
133
132
132
132
134
132
131
132
133
131
132
132
131
132
131
132
132
132
132
132
132
133
133
133
132
134
134
133
134
135
134
134
137
130
136
136
136
135
141
137
137
137
138
138
138
139
137
140
139
139
140
141
139
141
139
140
139
140
140
142
140
139
140
140
142
139
139
140
130
140
140
139
141
140
139
139
140
140
139
138
139
141
152
135
140
139
123
139
138
162
142
139
138
139
139
138
139
133
139
138
138
139
140
137
138
138
138
138
138
140
127
139
138
139
138
139
138
137
138
140
137
140
138
137
138
137
137
137
137
137
136
136
137
137
135
135
137
135
135
134
135
133
134
134
134
137
135
133
134
134
133
133
133
133
132
132
132
132
132
132
135
133
133
132
136
132
131
133
132
132
133
133
131
133
133
133
133
139
134
134
133
134
136
134
134
134
133
134
135
135
134
135
136
135
135
136
135
134
135
135
135
134
135
134
135
135
132
133
135
134
134
134
134
134
132
131
133
133
133
132
131
127
134
133
131
135
133
132
131
132
132
139
133
132
132
133
134
132
130
133
132
133
133
135
133
133
137
134
133
133
134
135
132
134
134
133
135
135
134
135
136
135
134
135
136
134
137
135
135
135
135
135
134
133
134
135
133
135
134
134
133
134
137
133
132
133
133
133
133
132
133
133
132
131
133
132
131
132
132
133
131
129
132
133
132
131
132
132
132
133
131
133
132
132
132
134
133
132
133
135
133
133
153
134
134
134
132
134
135
134
134
134
135
136
134
134
133
140
134
132
135
135
134
134
134
120
135
135
133
134
136
133
132
133
134
132
133
131
133
131
132
132
127
133
132
132
132
134
131
132
132
133
131
131
131
132
131
132
132
127
133
131
132
131
133
133
132
132
133
132
132
133
138
133
133
133
133
134
132
134
133
135
134
128
134
135
135
134
135
135
135
134
132
134
136
134
134
133
134
133
134
132
153
130
133
130
134
133
131
133
130
133
133
131
132
131
132
132
131
131
132
130
131
132
133
131
132
132
129
128
132
132
132
132
132
130
132
133
133
132
133
134
133
133
133
134
134
134
134
135
133
135
131
131
135
135
134
134
137
135
133
135
135
133
135
134
135
134
134
134
133
134
136
134
133
135
134
133
132
134
133
133
132
133
132
133
132
131
132
132
128
130
139
132
131
129
133
131
131
131
132
132
132
118
132
134
132
132
132
134
129
132
132
134
134
132
135
135
134
133
135
125
135
134
134
132
135
132
134
134
135
134
134
134
135
136
134
134
135
135
134
134
135
132
134
134
133
133
134
133
132
133
135
132
132
133
133
132
131
132
132
132
132
131
131
132
133
131
132
133
132
134
132
133
132
132
133
133
132
133
132
133
134
131
133
133
135
134
134
134
135
134
134
134
135
132
135
135
133
135
135
134
134
136
135
134
135
136
134
134
137
135
133
134
135
134
134
132
134
122
134
133
133
132
134
133
132
132
133
129
132
131
132
131
132
131
131
135
131
131
131
131
130
130
131
129
131
130
130
130
130
130
130
130
130
130
129
130
131
130
129
129
130
126
129
129
130
130
129
129
125
133
129
129
138
130
130
129
128
129
131
128
129
129
129
128
129
129
129
130
127
128
128
129
129
128
129
130
128
129
129
129
128
129
129
129
129
129
129
129
131
129
129
130
131
128
130
132
131
130
131
131
134
131
131
133
131
133
132
132
134
132
133
128
132
134
133
128
134
131
134
133
135
134
135
135
134
133
135
134
133
134
131
133
133
133
134
134
133
133
132
133
105
132
134
133
132
131
132
134
133
132
131
132
132
131
132
131
131
132
136
132
133
131
128
134
132
136
132
131
133
133
131
133
132
133
136
133
134
133
133
135
133
134
135
134
133
135
135
136
134
134
134
134
135
135
135
134
135
135
135
135
135
134
135
137
135
135
142
136
135
137
133
136
135
137
136
135
137
136
136
140
137
134
136
137
137
136
136
137
137
137
137
139
137
136
138
137
137
139
138
139
139
141
139
140
139
140
139
140
140
140
140
141
141
142
141
141
141
141
141
142
140
141
142
142
141
143
142
142
142
141
141
142
147
141
141
141
142
141
141
144
142
140
141
141
140
140
141
140
138
141
140
136
140
139
139
138
139
140
137
140
138
140
140
140
139
135
140
140
141
140
137
141
140
141
142
140
143
141
142
140
142
140
141
142
142
139
142
142
139
141
142
143
142
143
142
143
142
142
143
143
142
143
143
141
143
142
142
145
143
142
140
142
144
141
141
142
141
141
141
141
141
142
140
140
139
140
140
143
140
141
138
139
139
140
139
139
139
139
139
138
139
137
136
140
138
139
138
138
138
136
138
139
138
138
138
139
138
138
135
138
138
138
138
141
138
165
145
138
138
137
138
137
136
102
137
136
137
137
136
136
136
136
137
135
134
136
134
