134
133
135
134
162
136
138
135
136
136
137
137
137
138
136
136
135
135
124
135
135
135
134
135
134
134
133
135
134
133
133
134
133
130
132
132
132
133
133
132
132
131
132
133
133
134
132
132
133
134
133
132
133
133
128
134
131
131
133
134
134
133
137
134
134
135
135
135
135
135
136
129
135
135
137
133
135
135
134
136
136
135
134
137
139
133
135
135
143
134
133
133
133
132
133
133
134
132
136
132
133
132
131
130
134
131
133
132
132
132
132
132
131
133
133
132
132
134
133
132
133
134
133
134
134
134
133
134
135
137
134
134
127
134
132
135
135
135
134
135
134
135
134
135
135
135
137
135
131
135
135
135
134
132
133
135
134
133
133
134
136
134
134
133
133
134
134
133
133
133
132
131
134
132
132
132
132
132
132
134
132
132
131
132
133
132
131
132
132
133
134
133
132
133
133
133
134
131
138
133
134
134
133
134
134
134
134
135
134
136
135
137
134
134
135
136
135
134
135
135
134
134
135
134
135
135
134
134
135
135
134
135
134
134
133
133
134
127
133
133
132
132
134
132
131
132
133
131
131
132
131
130
132
132
131
131
131
130
131
131
131
130
131
131
131
133
131
130
129
130
138
130
130
123
130
130
129
130
130
131
131
132
129
131
130
130
129
129
131
129
129
130
129
129
129
130
130
129
126
129
130
129
129
130
131
129
128
129
130
130
129
129
129
129
129
129
129
129
130
130
128
130
131
129
129
131
130
130
131
130
131
130
129
131
132
131
130
129
132
133
132
133
133
133
134
132
133
134
133
134
135
134
134
130
134
134
135
134
134
134
135
134
134
134
135
134
134
134
134
132
134
134
133
134
127
132
133
134
133
132
133
134
132
132
133
132
132
132
133
132
132
132
131
131
130
132
132
132
132
132
133
120
132
132
132
141
133
133
133
133
133
137
134
133
133
135
132
133
135
135
134
135
143
134
136
135
135
135
133
135
134
135
136
136
132
135
136
136
136
136
136
136
136
138
136
136
136
136
136
138
136
136
137
137
137
136
136
135
139
133
137
137
138
138
139
137
137
138
137
137
139
142
138
139
139
140
136
141
140
140
140
140
138
141
