137
138
139
138
139
138
138
137
137
137
138
137
137
139
139
138
139
139
138
136
138
138
139
139
138
137
138
139
138
139
138
138
137
137
137
138
137
137
139
139
138
139
139
138
136
138
138
139
139
138
137
138
139
138
139
138
138
137
137
137
138
137
137
137
136
138
136
136
136
136
135
134
134
136
134
135
134
135
133
134
136
133
133
124
132
134
133
133
132
133
133
131
132
132
132
132
132
133
132
132
132
133
132
133
132
133
133
133
133
132
133
135
131
133
134
134
134
132
134
134
136
135
138
135
135
134
133
134
135
135
134
133
136
134
134
146
132
134
134
133
133
133
133
133
133
134
133
128
132
133
132
132
134
132
133
131
131
131
132
131
133
131
132
132
130
131
131
132
132
132
131
133
133
133
132
138
133
133
132
133
133
133
133
131
134
133
134
134
134
132
134
134
134
134
127
134
135
136
135
135
135
135
132
135
135
135
134
134
134
134
133
134
133
135
134
134
133
134
135
132
133
133
133
131
132
132
132
133
133
132
132
132
132
131
131
137
131
131
132
132
131
134
128
133
132
133
129
132
133
134
133
135
135
133
133
134
134
133
133
134
134
134
134
134
135
135
135
134
131
136
135
134
131
132
135
134
135
135
135
133
134
131
131
134
134
133
134
133
133
133
139
137
130
132
133
133
132
133
132
132
131
133
133
131
132
132
131
132
133
132
133
132
132
127
132
133
133
132
136
134
133
133
133
133
134
134
134
133
134
135
134
134
135
135
134
134
137
135
135
133
135
136
136
136
133
136
136
130
135
136
137
135
140
136
137
136
136
135
136
137
137
136
136
139
136
136
137
136
136
136
136
137
137
136
137
137
136
137
138
137
137
137
136
137
138
137
136
137
138
136
149
137
137
140
137
137
122
137
137
138
138
138
137
137
137
133
138
137
137
138
137
137
138
136
137
142
137
136
137
136
136
133
136
135
135
135
135
135
134
134
135
134
134
134
133
147
135
133
133
133
133
129
133
133
134
133
132
132
132
135
132
131
132
132
131
130
132
132
129
131
131
131
130
130
130
132
130
130
129
125
130
130
129
130
130
129
136
129
130
129
129
129
127
129
129
129
129
129
132
129
129
130
129
128
129
130
128
129
127
129
129
127
129
129
129
129
128
128
130
131
128
132
129
128
126
127
129
128
130
129
129
130
130
130
130
130
131
130
130
135
132
130
131
132
131
131
132
131
131
133
132
131
133
133
133
134
135
134
133
136
135
133
134
134
131
135
134
134
132
135
135
136
134
136
136
135
135
137
135
135
136
136
136
152
136
136
137
136
137
136
137
136
136
137
137
137
136
136
137
137
136
136
135
137
137
137
136
137
137
137
135
138
137
136
137
136
137
137
137
140
135
137
137
137
138
137
138
137
138
138
137
137
137
138
136
138
136
137
136
134
138
136
136
136
135
134
136
135
134
135
135
134
134
134
135
129
134
134
133
133
131
134
132
133
133
131
133
133
132
132
129
133
132
132
132
133
132
132
132
131
133
133
133
132
133
133
133
133
135
136
134
134
134
136
132
134
134
135
134
134
134
136
135
135
134
135
135
134
135
136
134
135
135
134
134
134
137
134
135
134
134
128
133
133
133
133
134
133
132
132
133
133
132
132
126
132
130
132
131
132
132
131
131
132
132
131
132
132
132
133
132
132
133
132
134
133
133
133
133
131
133
134
132
133
134
134
137
134
134
134
134
138
134
134
135
135
133
135
135
134
134
133
135
136
137
134
135
134
133
136
134
134
135
133
135
133
133
133
134
133
133
133
131
133
132
132
132
132
132
132
132
131
134
132
131
132
135
131
132
132
133
133
133
133
133
133
130
134
