134
134
134
134
134
134
135
135
133
132
132
134
134
136
133
134
126
133
135
135
133
133
133
135
134
134
134
134
134
134
134
135
135
133
132
132
134
134
136
133
134
126
133
135
135
133
133
133
135
134
134
134
134
134
134
134
135
135
136
133
135
135
137
134
135
135
134
135
135
135
135
134
135
134
133
134
133
133
134
134
131
133
134
133
132
133
133
133
132
132
130
133
132
131
131
132
132
131
131
131
131
131
132
132
133
130
132
132
132
132
131
132
136
133
132
134
134
133
132
133
131
134
133
129
134
135
135
134
135
135
135
136
134
135
136
134
133
135
135
134
135
134
136
135
132
134
135
134
134
135
134
134
133
133
133
134
130
132
133
133
132
133
132
132
132
132
132
132
133
131
130
131
133
131
132
131
133
128
132
132
133
132
136
132
133
133
134
132
132
135
133
133
134
129
132
134
133
134
135
134
134
135
133
134
135
134
135
135
134
134
159
134
133
135
133
133
134
134
133
134
134
133
133
134
133
131
132
135
132
132
132
132
133
132
132
132
132
132
132
129
132
132
135
131
133
131
131
133
132
132
133
132
133
133
133
135
124
134
133
132
133
134
135
133
133
134
132
133
135
134
134
136
135
130
134
136
138
134
135
135
135
134
135
135
134
135
134
134
134
127
134
134
133
134
139
136
134
133
132
133
133
140
133
132
133
132
131
131
133
131
133
131
132
132
132
131
131
132
131
132
132
133
132
132
137
133
132
133
133
132
134
133
133
134
134
134
136
134
135
135
134
132
135
136
134
134
134
135
133
134
133
137
136
134
135
135
134
134
134
135
133
135
134
133
134
134
134
132
133
133
133
132
133
131
131
132
132
132
133
133
123
132
133
132
131
132
132
132
132
133
132
131
133
140
134
132
133
134
133
133
133
133
134
137
134
136
135
135
134
134
133
135
134
134
134
136
135
135
135
135
135
135
134
133
135
135
132
134
136
133
133
134
134
133
134
134
134
130
133
132
133
133
133
134
132
133
132
131
132
133
131
132
131
132
133
132
132
131
132
132
125
131
134
132
131
122
133
130
132
133
133
133
134
134
133
135
130
134
132
135
134
133
134
135
134
136
134
135
134
135
137
138
135
134
135
134
135
134
134
133
135
135
132
134
135
134
134
130
133
134
133
133
133
133
131
132
132
133
132
131
131
133
134
132
132
132
132
134
125
131
133
133
133
131
121
134
133
133
133
134
134
133
134
134
133
134
134
133
134
134
128
135
135
135
136
135
135
135
135
135
135
133
135
135
135
135
135
134
135
135
135
134
134
135
132
133
132
134
132
133
133
133
134
139
132
132
133
132
134
132
133
131
131
131
132
131
133
131
132
131
131
132
130
131
142
130
130
132
130
129
131
131
130
130
131
130
131
129
130
129
126
130
129
128
130
130
129
131
130
129
128
129
130
129
129
129
128
129
129
129
129
130
129
129
129
131
129
129
132
129
128
128
128
129
129
128
128
128
129
128
129
127
129
129
128
128
129
130
130
129
130
129
130
130
130
130
125
131
130
132
131
131
130
131
133
130
131
133
132
131
132
133
130
132
134
133
133
134
133
133
133
137
133
134
134
134
134
133
134
134
140
134
134
133
134
133
132
132
134
133
132
133
134
130
132
132
134
132
132
132
131
132
132
131
131
133
126
131
131
127
131
131
132
132
132
131
132
132
133
132
131
131
137
133
133
133
133
132
132
133
137
134
132
134
130
134
134
134
134
135
131
134
134
137
135
133
134
134
134
134
134
134
135
134
134
134
135
134
132
133
134
134
134
134
133
134
131
133
134
133
132
132
132
133
131
132
131
131
132
131
131
131
132
132
131
130
133
131
132
132
142
132
129
132
132
134
133
132
132
