42
37
37
37
39
37
38
37
38
39
39
39
36
40
39
39
41
40
39
40
43
40
41
41
41
40
42
41
43
41
42
42
37
41
42
41
44
58
41
42
32
41
40
41
42
40
40
39
41
39
41
40
40
40
39
40
39
40
40
38
39
39
37
35
39
39
39
38
38
39
37
39
39
39
42
39
39
39
38
39
39
39
39
40
40
40
39
41
40
41
38
41
41
40
45
41
42
41
39
41
42
41
42
41
42
42
41
41
41
42
40
41
41
41
44
40
40
42
41
40
40
43
40
40
39
39
39
39
40
39
39
39
41
38
39
39
39
38
39
38
38
40
39
32
40
39
40
40
40
39
41
40
40
42
40
40
40
39
41
40
40
43
41
41
41
43
42
41
42
40
42
42
45
41
42
42
43
41
42
43
40
43
42
44
40
41
41
42
40
41
40
39
41
40
37
39
40
39
39
39
40
45
39
39
39
38
39
39
40
40
38
39
35
39
39
39
39
39
40
39
40
39
40
38
40
40
38
41
41
40
40
41
43
42
41
41
37
41
41
41
40
41
42
41
42
42
42
42
42
42
43
42
42
42
42
41
41
41
38
41
40
39
41
40
40
37
41
40
40
40
41
39
39
40
39
39
40
38
39
40
39
39
39
37
39
39
39
41
38
40
31
40
40
40
40
40
41
40
41
41
41
42
39
41
41
42
41
41
42
43
41
42
42
39
43
42
42
40
43
41
42
42
42
42
41
40
41
42
41
43
40
41
40
41
40
40
40
40
39
36
44
39
39
39
40
39
39
39
38
39
38
38
38
39
38
37
38
38
37
38
37
37
38
37
37
36
38
37
37
37
35
37
36
39
37
37
37
38
37
37
37
38
36
37
37
37
36
37
37
38
36
37
37
36
36
36
36
37
36
36
37
37
36
37
36
36
36
38
36
36
37
37
36
36
36
36
36
35
33
36
36
35
35
36
35
36
37
36
36
35
36
36
36
37
36
36
37
37
35
35
37
35
36
36
36
36
35
36
38
36
36
35
38
36
36
35
37
37
36
35
30
36
37
36
36
36
36
38
36
35
34
40
35
36
36
36
35
36
36
37
38
36
35
36
36
36
32
36
36
35
35
35
36
41
37
36
36
34
35
35
35
28
36
35
35
37
35
35
35
37
36
35
35
39
36
36
36
36
36
36
36
34
35
37
33
36
36
36
35
36
36
36
33
35
34
34
36
35
35
36
34
35
35
36
28
36
36
36
36
36
35
36
37
36
35
35
35
36
36
37
35
35
36
41
36
36
36
36
36
36
39
38
36
36
34
38
37
37
38
38
38
38
38
38
39
39
39
38
40
39
40
40
40
42
39
40
40
42
41
41
41
39
41
41
43
40
42
41
43
41
41
40
40
40
41
40
40
40
39
40
40
39
39
37
40
39
39
40
39
39
38
38
39
38
42
38
39
39
38
38
38
40
38
37
38
37
37
37
37
41
35
37
48
37
37
37
37
38
37
37
35
46
37
37
36
36
37
36
36
36
36
37
36
36
36
36
36
35
35
35
36
35
35
36
35
34
35
34
34
34
36
33
33
34
33
32
33
33
34
38
32
33
30
31
32
32
33
32
31
31
32
31
31
