143
143
141
143
143
142
142
142
143
141
141
142
139
142
142
142
140
141
144
143
141
142
143
141
142
142
143
141
142
142
141
142
142
142
142
143
144
142
142
142
142
144
141
142
140
140
141
142
140
140
145
140
140
141
141
138
141
140
142
141
141
131
140
140
141
140
142
141
142
141
141
142
141
142
144
141
141
143
142
141
142
143
142
142
147
143
143
143
143
143
144
143
143
143
144
143
143
143
143
144
144
144
144
144
143
145
145
144
144
144
143
144
148
144
144
145
144
142
146
145
144
144
145
144
146
144
144
144
145
145
144
145
145
146
144
145
145
144
144
145
144
145
145
145
144
145
145
145
145
145
145
145
145
159
145
144
146
145
145
146
145
145
145
145
144
144
145
146
145
146
146
146
144
145
145
146
145
142
144
145
145
145
145
145
146
145
145
145
144
145
145
145
145
144
149
145
145
145
145
146
145
146
145
145
144
148
144
144
145
145
145
145
144
146
145
145
145
151
148
145
144
143
147
145
144
145
146
145
145
145
145
142
145
145
144
146
145
144
144
146
144
144
144
144
144
141
143
144
143
143
143
141
143
144
145
142
143
142
141
143
143
140
140
141
141
141
140
140
141
143
141
141
140
143
141
141
140
141
142
136
143
142
142
141
141
141
142
142
141
142
142
143
141
145
143
143
142
142
143
144
141
142
143
144
143
144
140
142
143
144
142
143
144
143
142
143
143
143
140
142
142
141
142
139
148
142
142
142
139
144
143
141
141
143
140
140
141
141
139
139
140
141
139
141
140
141
141
140
140
140
144
142
139
141
141
140
139
141
141
141
141
142
142
144
142
142
141
143
154
142
142
143
144
142
142
143
143
142
143
141
143
142
143
142
143
143
142
141
143
142
141
143
142
142
141
141
141
141
140
140
141
136
141
140
140
141
141
139
140
140
141
140
140
142
141
140
141
140
141
141
141
140
141
141
141
138
141
141
141
142
141
143
141
142
142
143
142
143
142
142
143
139
142
143
144
142
143
143
146
142
144
143
143
143
142
142
143
143
142
142
143
145
142
141
142
143
140
142
142
141
141
142
141
141
142
141
140
141
139
140
140
142
141
140
140
137
141
140
140
141
140
142
141
140
140
142
141
140
140
143
141
140
141
142
141
139
142
142
143
142
141
142
143
143
143
142
143
143
144
140
144
143
143
143
143
143
143
143
142
143
143
143
141
143
142
141
143
142
142
142
142
141
142
137
141
141
141
141
141
136
141
141
140
140
141
141
139
140
140
141
142
131
140
139
139
139
139
139
140
137
138
139
140
138
140
139
140
138
138
142
138
138
139
138
136
140
138
137
139
139
138
139
138
139
136
138
138
139
138
138
137
136
138
138
138
137
126
138
138
138
138
138
139
138
137
138
132
137
137
138
137
138
138
137
138
138
138
138
138
137
144
138
138
138
139
135
138
139
138
137
143
140
137
137
139
137
135
137
137
145
138
138
137
137
138
138
138
137
130
136
137
138
139
137
139
140
138
137
139
138
138
138
143
136
138
138
138
136
136
138
137
140
137
139
137
138
138
136
138
138
138
142
137
138
137
136
138
130
137
138
139
138
139
139
139
137
138
138
138
137
137
137
137
138
138
138
138
140
137
137
139
138
134
138
138
138
138
138
138
137
140
138
137
137
138
138
134
137
152
136
136
136
138
136
136
136
136
135
136
135
134
136
133
133
134
134
133
134
133
132
133
126
129
132
130
133
132
132
133
132
135
132
133
133
132
134
135
133
132
133
133
133
134
133
135
134
134
133
134
135
135
134
134
135
134
134
135
135
135
135
136
133
136
135
135
135
136
136
135
134
133
122
137
135
135
135
134
136
131
134
135
134
132
137
134
133
132
130
134
132
133
132
133
133
132
133
132
127
131
134
131
133
133
132
132
133
132
131
132
133
132
132
133
133
133
134
132
135
121
135
133
133
135
134
134
134
135
133
134
135
135
134
135
138
134
135
137
135
135
137
136
132
135
136
136
140
136
136
136
136
136
136
138
137
137
136
137
136
137
136
137
136
136
137
137
137
136
137
137
137
138
137
132
138
137
137
137
137
138
145
137
137
139
135
138
136
137
137
137
137
137
138
137
137
138
141
137
137
138
139
135
142
138
138
138
138
128
141
137
138
138
139
138
138
136
138
138
138
137
136
138
137
138
137
138
137
138
137
138
138
138
137
138
138
137
138
136
139
138
138
138
138
138
138
140
136
139
139
138
140
144
147
138
139
140
139
137
140
140
140
150
140
144
142
141
141
140
143
141
141
142
142
142
142
142
145
142
142
143
142
141
143
143
142
143
142
142
143
143
142
141
142
142
143
142
141
141
142
141
141
141
143
141
142
140
141
140
141
140
140
140
140
140
145
140
140
140
140
138
140
139
138
140
140
139
140
139
140
138
139
139
140
139
139
139
138
134
138
139
138
139
138
139
139
139
138
138
139
140
137
138
138
139
138
136
138
137
135
138
137
137
139
138
138
138
139
137
141
140
138
138
139
138
137
139
138
137
138
139
137
135
138
138
138
136
138
139
138
138
138
136
140
139
139
138
144
139
139
137
141
140
140
141
151
141
142
141
141
142
141
141
141
142
141
139
142
143
142
140
142
143
142
142
143
142
142
142
141
144
143
141
142
141
143
142
141
158
142
142
142
145
141
144
141
141
140
141
140
137
139
141
138
134
140
141
141
136
141
141
143
133
141
141
140
138
141
140
142
142
142
141
142
143
142
142
141
143
141
142
142
144
142
143
142
143
144
143
141
143
144
142
142
141
143
142
143
143
143
141
143
142
142
143
143
142
142
143
142
140
141
142
141
141
142
141
140
143
141
140
142
141
140
139
141
140
140
141
137
141
140
141
141
141
140
141
141
141
142
141
137
143
143
141
141
143
141
144
142
142
142
141
143
145
142
143
143
143
143
143
145
142
144
143
142
144
145
143
142
142
142
143
138
142
142
142
143
142
141
143
142
142
142
142
142
142
141
141
143
140
139
133
140
140
141
141
140
141
140
140
135
141
140
155
140
139
140
141
141
141
140
141
140
141
141
141
140
141
142
142
141
142
142
141
140
142
142
142
142
143
142
143
141
143
143
143
142
145
143
143
142
143
142
143
142
142
143
141
142
143
142
141
142
141
140
142
141
140
141
141
141
141
140
142
132
141
140
139
138
140
140
140
139
140
138
139
139
140
140
142
140
139
139
139
139
138
138
142
138
139
139
140
136
138
139
139
138
139
137
139
138
138
139
139
138
138
146
138
139
137
139
139
139
137
138
139
138
139
137
137
138
138
139
140
138
138
138
137
139
139
137
138
138
138
137
139
136
137
138
138
138
138
139
138
138
138
139
138
138
137
141
104
139
139
140
140
139
140
140
141
141
140
140
123
141
141
136
142
140
144
142
142
142
143
149
143
144
142
143
142
143
143
142
142
145
114
142
142
142
138
140
142
142
143
141
141
141
141
145
141
141
142
141
139
141
141
141
140
149
140
140
140
138
139
140
140
139
139
140
134
140
140
140
140
139
139
138
140
139
139
139
139
142
139
138
139
140
138
138
139
139
130
138
139
140
139
138
138
139
138
138
136
149
138
137
137
133
134
136
136
137
137
136
136
136
135
135
135
134
134
135
134
134
135
127
132
134
130
133
132
132
133
135
133
133
133
133
134
133
133
133
