150
150
150
150
150
150
150
150
151
151
149
149
150
150
149
154
150
149
149
149
149
149
149
148
146
146
146
145
146
146
145
147
146
145
145
145
146
147
145
146
145
146
145
145
145
145
145
144
144
145
147
145
144
145
146
144
145
143
146
145
146
145
145
145
146
144
145
146
144
144
146
174
145
146
146
147
146
147
147
146
147
147
147
148
148
148
147
148
149
147
147
149
149
148
150
148
149
146
149
153
149
150
149
149
149
151
150
148
150
150
148
149
151
150
151
147
148
148
149
149
147
149
150
148
147
149
149
147
148
147
148
149
147
149
146
145
147
148
146
149
148
147
146
147
145
146
148
148
146
148
148
148
149
149
149
148
149
149
149
149
150
149
147
149
150
150
149
150
149
150
151
150
148
150
151
150
149
150
151
150
149
150
150
148
150
149
150
148
149
148
147
149
150
148
148
150
148
148
148
148
147
148
148
148
145
148
148
147
147
146
145
148
146
149
147
147
149
147
147
148
148
147
151
151
148
149
149
149
148
150
148
148
150
150
149
149
150
151
149
150
148
144
149
153
151
150
151
151
140
149
152
150
150
150
149
150
150
151
151
151
151
151
151
152
147
151
151
152
152
151
151
152
153
151
154
152
152
151
152
151
152
151
152
151
152
151
151
151
152
153
153
150
152
152
152
152
152
152
153
153
152
152
152
154
151
152
154
153
152
153
153
151
151
152
152
154
152
149
151
152
152
150
150
152
150
149
150
151
149
149
150
150
154
150
150
149
150
146
151
148
150
149
143
150
149
147
148
148
148
148
147
148
147
147
147
148
146
148
148
146
146
147
146
145
146
146
147
146
146
146
146
146
146
145
147
146
147
145
145
146
146
146
145
147
145
146
146
146
145
145
145
146
146
145
144
146
146
147
144
146
146
145
144
145
136
148
145
147
145
145
145
144
145
146
144
144
145
146
146
145
145
141
144
145
146
145
146
146
146
137
147
146
146
146
147
147
147
147
148
147
147
148
147
147
148
148
148
150
148
148
149
150
149
148
148
150
148
149
149
149
149
149
149
148
150
149
147
146
148
149
148
148
149
148
148
147
147
147
149
146
148
162
148
147
147
148
147
148
147
146
149
146
147
147
147
146
147
146
146
146
146
146
147
146
146
145
146
146
145
144
144
145
144
147
145
147
146
145
146
145
145
146
144
146
147
145
145
145
146
144
145
145
145
144
145
146
144
147
142
142
145
146
145
145
145
145
132
155
145
146
145
145
145
145
145
146
144
144
146
145
144
146
146
145
145
145
146
143
147
140
149
146
146
146
146
147
147
146
147
148
147
147
147
149
148
147
148
148
148
149
149
147
150
149
149
149
150
148
149
150
149
150
149
150
150
150
149
149
150
149
149
151
147
147
149
148
146
149
150
148
146
148
149
148
148
151
149
147
148
148
147
148
149
146
148
149
147
148
148
148
148
148
148
148
149
147
137
145
151
149
148
148
150
154
140
150
149
148
149
144
149
150
150
150
149
150
150
149
150
151
148
149
150
151
149
150
149
150
151
148
149
148
150
149
149
149
150
149
148
148
150
149
148
143
146
143
145
148
147
148
148
147
146
149
148
146
147
147
149
149
148
148
148
147
148
148
148
148
147
147
148
149
149
148
149
149
148
