150
150
151
166
151
150
152
150
148
151
152
150
148
148
147
147
147
148
149
147
148
148
145
148
152
149
148
149
148
139
150
149
149
150
150
149
148
150
151
150
149
152
150
148
150
149
150
152
151
149
147
150
152
147
148
151
150
152
148
149
152
144
148
148
148
148
146
147
148
147
147
146
148
147
141
147
147
146
146
146
148
147
148
147
144
146
148
148
148
149
148
149
148
149
147
148
148
157
149
147
150
149
150
150
150
149
148
150
149
149
152
151
149
149
150
150
149
151
149
149
149
149
147
150
149
149
158
149
149
148
148
149
150
148
148
149
148
147
148
147
150
147
149
147
147
149
146
147
147
148
147
146
148
148
147
145
148
148
148
148
148
148
148
148
148
146
149
148
149
149
149
148
149
152
149
150
149
148
148
150
150
149
149
151
150
149
153
151
150
149
149
161
146
150
149
150
150
149
150
147
150
150
148
148
148
148
147
149
148
147
146
148
147
148
148
147
147
149
147
147
144
148
147
147
147
153
148
147
144
146
148
148
150
147
149
149
148
148
150
150
150
149
150
150
149
151
150
150
151
150
149
151
152
150
147
151
150
152
151
151
150
149
150
150
149
149
150
149
149
149
151
148
150
148
148
146
149
149
147
148
148
148
147
148
148
148
145
147
147
147
147
147
147
147
149
147
147
163
148
147
148
148
148
149
148
147
148
148
147
148
149
149
148
146
149
151
149
149
150
151
149
152
150
150
150
151
150
146
151
150
149
150
150
149
148
149
150
148
149
149
149
149
149
154
148
149
149
150
148
150
147
147
148
147
146
147
148
148
146
147
147
147
148
147
146
145
147
146
148
146
147
146
146
147
147
146
147
146
146
146
146
145
145
144
146
146
145
146
147
144
143
146
146
145
144
145
146
145
145
143
147
146
145
146
146
145
139
145
145
145
145
145
145
143
145
145
145
146
144
145
144
145
145
142
144
145
145
144
144
147
145
145
148
145
145
145
145
142
146
145
145
144
145
146
147
145
145
146
144
144
145
145
143
145
145
144
146
145
143
145
145
145
145
145
146
144
144
145
145
145
145
144
144
144
144
143
144
144
142
142
144
145
142
142
142
143
142
140
142
142
142
142
140
142
142
141
140
142
142
148
140
140
141
139
140
140
141
140
141
140
141
141
140
140
141
143
140
139
141
142
141
142
140
141
140
142
142
141
142
142
142
142
140
140
142
142
144
142
142
144
142
143
143
139
143
145
143
143
142
144
142
143
143
144
143
143
144
144
144
144
144
144
146
143
144
143
146
144
145
144
146
144
144
142
168
145
144
145
145
145
146
146
146
146
145
145
145
147
142
146
148
148
148
147
148
148
148
147
148
148
148
149
149
148
150
149
149
149
150
150
150
151
149
150
149
149
150
149
149
149
149
150
150
149
148
148
151
148
148
148
146
147
148
148
148
146
148
148
147
147
143
147
147
144
147
146
146
148
146
147
147
148
147
146
148
149
148
147
150
148
146
148
148
146
150
150
148
149
150
148
149
149
149
149
149
151
152
150
150
150
149
151
150
147
150
151
150
149
150
151
149
144
149
150
149
150
149
146
149
149
148
148
148
148
147
149
149
147
148
148
147
149
148
147
147
147
147
147
147
147
146
146
146
147
148
146
146
146
147
146
146
144
148
146
146
145
146
147
145
145
146
146
145
145
146
147
145
143
146
145
145
147
145
146
146
145
148
145
145
144
145
145
146
145
171
145
146
145
145
138
145
146
145
144
145
145
145
145
145
146
144
145
146
146
145
146
144
145
146
145
145
147
145
144
145
145
144
144
149
145
145
144
