151
151
149
150
150
154
149
149
149
149
149
149
148
147
149
147
149
151
151
151
150
155
151
150
150
151
151
149
150
150
154
149
149
149
149
149
149
148
147
149
147
147
151
147
138
148
147
149
147
147
147
148
147
147
148
148
148
148
147
150
149
147
149
148
148
147
147
149
148
148
149
149
149
149
149
149
150
150
149
149
150
150
150
149
149
151
147
150
150
150
150
154
150
153
151
151
150
151
152
150
152
149
151
150
152
152
151
151
151
151
153
151
151
150
151
152
151
150
151
152
151
155
145
153
151
152
155
152
152
153
151
155
154
151
151
152
153
153
152
148
152
152
151
152
151
152
152
151
151
152
152
153
151
152
152
151
149
153
152
151
153
152
150
152
152
151
152
152
152
152
153
152
151
151
153
147
151
152
152
152
151
152
152
152
152
152
151
153
150
152
152
152
152
151
153
153
153
153
153
153
154
153
153
155
155
155
154
153
151
156
154
155
155
156
154
155
156
159
156
158
155
155
157
156
155
158
157
158
156
156
157
156
151
157
156
153
156
157
154
156
152
156
156
157
155
154
155
156
154
156
155
156
156
155
155
155
154
154
154
154
155
155
155
154
157
155
154
155
146
154
155
157
155
155
157
156
156
157
156
156
156
157
156
156
157
157
157
156
157
157
157
157
160
157
158
157
157
156
159
157
156
157
157
158
156
156
157
158
156
156
156
156
157
156
155
156
155
156
155
156
156
155
155
155
151
152
155
155
156
154
155
153
154
161
154
155
155
155
166
154
155
157
154
155
157
155
160
156
156
155
156
161
155
156
157
155
155
160
157
156
157
157
157
155
157
157
157
158
157
157
156
156
154
157
157
158
156
156
157
156
156
156
156
156
156
156
156
155
157
156
155
157
156
156
153
154
156
155
154
155
158
155
155
155
153
156
154
154
154
155
153
152
155
154
155
154
156
155
155
156
156
155
156
156
156
155
156
156
155
156
160
157
156
158
157
157
157
153
157
157
156
158
156
157
157
157
156
157
157
156
154
158
156
156
156
155
155
155
156
155
155
157
155
154
156
156
154
154
155
155
160
156
155
155
155
154
161
154
155
155
154
151
156
144
154
155
157
154
155
155
156
155
156
158
156
157
156
154
156
157
156
156
156
158
160
157
157
158
156
157
159
165
157
158
157
155
158
156
156
156
157
156
156
156
156
156
156
156
156
156
155
139
158
156
155
155
179
155
154
149
155
155
155
154
155
155
154
156
155
153
156
154
154
154
156
156
155
154
156
155
156
155
155
156
155
156
156
156
156
153
156
155
160
157
157
157
158
156
157
158
156
156
157
157
165
157
157
155
157
160
158
156
159
158
156
156
156
158
156
153
157
155
155
156
157
154
157
155
155
155
156
154
154
156
155
154
154
155
154
154
155
155
155
148
155
153
154
155
156
156
155
157
155
157
156
156
156
156
156
153
157
156
154
157
157
156
157
158
158
157
156
157
158
156
157
157
158
161
157
159
157
157
158
156
158
157
158
155
156
157
157
156
156
156
156
159
155
155
156
