51
51
59
49
51
53
52
51
52
51
53
52
52
50
51
53
50
51
51
51
51
51
51
51
51
51
51
51
51
50
51
51
51
59
49
51
53
52
51
52
51
53
52
52
58
60
56
55
56
54
56
55
55
56
54
55
55
58
57
53
54
55
57
54
53
54
54
53
54
54
53
53
53
52
54
54
53
53
41
54
53
53
53
53
53
52
52
55
53
53
52
53
53
52
50
52
53
53
51
52
52
53
53
52
52
52
75
52
52
52
52
52
52
52
46
52
51
52
52
51
52
56
52
52
52
52
52
53
52
51
52
52
52
52
71
51
52
51
52
51
52
52
55
53
52
52
52
51
53
53
51
51
55
53
51
52
52
52
53
52
51
51
53
52
52
51
52
45
51
52
52
47
51
51
51
49
51
51
51
51
51
51
50
50
52
50
50
50
50
50
42
49
49
49
48
49
48
49
50
48
48
50
48
47
47
48
48
48
45
47
48
48
48
50
48
47
47
47
48
48
47
47
48
49
48
48
49
49
48
48
46
52
49
48
48
50
49
49
49
50
51
49
49
49
48
37
50
49
49
50
50
49
49
49
51
49
49
50
50
47
43
49
51
49
48
48
49
46
46
48
48
48
46
47
47
48
47
48
47
47
47
45
47
46
47
47
46
47
47
47
47
47
48
47
48
48
47
49
49
50
47
49
48
48
48
49
49
48
48
50
49
49
49
51
49
49
49
49
47
51
49
49
51
50
55
50
50
50
49
49
49
52
49
49
48
48
52
48
47
47
49
46
47
48
47
47
44
47
47
46
47
47
46
47
48
43
46
46
47
46
45
46
47
46
48
46
46
46
46
46
45
46
46
45
45
46
46
46
46
45
45
45
41
45
46
45
46
45
46
45
45
45
46
45
45
68
46
45
45
44
44
45
45
45
45
39
56
44
44
44
45
44
45
44
43
45
45
45
39
46
44
44
45
46
45
44
44
43
45
44
45
44
45
44
45
44
45
44
45
43
44
45
44
44
44
45
44
45
45
45
45
44
44
44
44
44
44
44
45
44
44
45
45
45
45
45
44
45
46
44
44
45
43
46
44
45
45
44
43
44
45
44
44
44
45
44
44
46
45
45
44
44
47
45
44
44
45
46
44
45
43
45
46
46
46
47
46
47
47
47
49
48
48
49
50
48
49
50
50
52
51
51
51
53
53
52
52
52
55
52
53
53
54
54
53
53
54
51
54
54
53
54
52
53
54
60
53
53
54
54
51
54
53
53
58
54
53
53
57
56
53
54
53
51
53
66
53
54
55
53
53
54
51
61
53
54
54
52
54
53
53
50
53
53
52
50
52
52
52
53
52
52
52
53
52
52
52
53
53
52
52
52
52
51
52
51
52
52
51
51
52
51
50
49
51
53
54
50
50
51
48
50
50
49
50
48
48
49
50
48
54
48
48
47
47
48
48
47
47
47
47
48
47
47
47
47
48
47
48
47
48
47
48
47
48
48
48
50
49
49
48
47
47
49
48
49
49
50
49
49
50
48
50
49
49
50
50
49
49
50
50
50
50
49
50
47
50
53
49
51
50
51
48
51
51
50
51
50
52
51
52
51
52
50
51
55
51
52
51
51
51
52
52
51
52
53
52
53
55
53
53
53
54
50
54
53
52
52
54
54
54
51
57
55
54
54
55
56
55
56
57
56
56
56
67
56
57
55
56
56
57
56
55
56
57
56
58
56
56
56
58
55
58
56
56
54
55
55
55
56
53
55
55
55
55
54
55
54
53
51
54
54
54
53
54
54
53
54
54
54
53
54
54
53
54
53
53
55
54
52
53
53
54
52
52
54
53
53
52
54
52
53
53
51
52
53
53
52
52
52
53
52
51
51
52
51
51
56
51
51
50
49
50
51
50
47
50
50
49
49
46
49
49
49
48
48
49
49
48
50
48
48
48
45
48
48
47
42
48
48
48
47
47
48
48
48
45
49
49
48
51
49
49
49
46
49
49
50
48
49
49
50
50
48
49
50
50
44
50
50
50
50
50
50
51
49
54
50
51
50
51
50
51
51
55
50
51
52
52
51
51
51
51
51
54
51
52
51
48
51
52
51
51
51
51
50
51
51
51
51
51
49
51
52
51
51
51
52
52
51
59
52
52
51
52
51
52
52
51
51
52
52
38
