147
148
147
147
148
147
147
149
147
140
149
149
150
143
149
150
149
144
149
147
148
148
149
149
149
147
148
147
147
148
147
147
149
147
150
150
153
150
150
150
150
147
148
154
150
149
149
145
149
147
149
149
147
149
153
151
148
148
151
148
147
148
147
147
147
150
137
148
148
148
146
148
147
147
148
148
149
148
147
148
147
149
149
148
147
148
149
149
149
149
149
150
149
151
149
150
152
150
150
151
149
148
150
150
154
150
150
150
150
150
149
149
150
146
149
150
150
149
148
149
150
150
154
148
145
148
148
148
147
148
149
147
148
149
150
146
148
148
147
147
147
147
148
154
148
146
149
148
148
148
147
149
149
148
149
151
148
149
149
149
149
150
149
148
149
150
150
150
151
147
149
148
151
149
150
150
150
149
149
150
150
149
149
150
149
151
161
148
149
150
148
148
148
149
148
148
148
148
149
146
148
146
148
147
146
148
148
147
147
148
149
147
147
147
148
148
145
147
147
148
148
148
148
137
148
151
149
149
150
148
151
149
149
149
149
149
149
150
150
149
151
150
150
150
150
153
150
150
151
150
149
148
149
150
150
149
148
150
150
149
150
150
149
148
148
149
149
149
148
149
148
148
148
148
147
148
148
146
147
150
146
147
147
148
146
150
148
147
148
147
146
148
149
148
148
148
149
146
148
148
149
148
147
149
149
149
149
150
147
150
150
149
149
151
150
148
154
150
149
149
150
150
149
149
150
149
150
149
149
144
150
147
148
148
150
148
147
148
148
148
148
146
147
147
147
147
148
148
147
147
147
148
145
147
147
148
149
146
147
149
148
137
149
144
148
149
149
148
152
145
148
147
149
150
148
148
149
148
149
150
149
150
150
150
149
150
150
150
150
151
142
149
149
151
150
151
150
148
149
150
149
149
149
150
148
148
149
149
148
148
149
148
147
148
148
148
148
147
141
147
148
113
146
149
148
147
145
146
147
146
148
148
145
149
148
148
148
160
148
148
148
150
151
175
149
150
149
149
150
150
149
