143
144
143
144
146
144
143
145
144
143
145
147
145
144
142
145
135
140
143
143
144
145
144
143
144
143
144
143
144
146
144
143
145
144
143
145
147
145
144
142
145
135
151
151
154
151
150
150
150
150
151
150
149
148
149
149
148
149
150
147
145
148
149
147
148
148
148
147
147
148
146
147
147
147
147
176
144
147
147
151
147
147
148
148
147
148
148
148
152
149
145
144
150
147
147
149
149
148
149
150
148
148
149
150
149
150
149
149
149
150
149
147
151
150
148
148
149
149
148
148
148
148
148
148
150
148
148
148
147
146
148
147
147
147
150
148
146
140
147
145
147
146
146
147
146
144
146
147
145
146
145
147
147
145
145
146
146
144
146
145
145
146
145
145
146
146
145
144
145
144
145
145
145
146
144
144
145
137
144
145
145
145
145
145
144
144
145
142
144
145
145
144
144
145
142
149
146
144
145
146
144
145
144
145
145
146
144
148
144
144
144
145
144
145
145
144
150
145
144
144
146
137
145
146
148
146
144
147
147
147
146
150
146
148
148
149
147
149
148
148
147
148
149
148
149
149
149
150
149
148
153
149
148
149
156
149
149
148
149
149
148
148
148
150
147
149
147
148
148
148
147
147
148
147
146
146
148
147
147
147
148
147
147
147
147
147
147
147
147
148
146
147
147
149
150
147
148
150
147
148
148
151
148
149
149
149
150
148
149
149
153
149
138
149
150
150
150
150
146
149
149
150
149
150
150
149
149
150
150
151
148
151
148
147
149
146
150
148
148
148
149
148
145
149
148
148
147
146
148
147
147
148
147
147
146
146
147
147
147
149
147
130
147
147
147
148
148
147
148
148
148
148
157
148
149
150
148
148
149
148
149
147
149
150
149
148
150
150
149
149
149
150
150
153
145
149
152
150
147
146
150
146
148
149
149
148
148
149
149
146
144
148
148
148
148
147
146
149
147
146
146
148
147
147
147
147
145
146
147
148
147
147
148
146
148
143
146
147
149
148
147
150
149
147
142
148
148
149
147
149
149
149
149
149
148
150
149
149
149
149
149
147
149
149
148
143
149
149
149
149
153
148
149
149
148
145
150
149
148
143
148
149
145
148
148
148
147
149
147
147
145
145
146
147
147
146
147
148
147
147
146
147
147
146
146
147
145
146
149
145
146
147
146
145
145
145
144
145
146
145
144
146
144
145
145
145
145
144
145
145
144
144
145
148
144
145
145
144
142
142
144
144
144
143
142
144
142
145
143
143
142
142
141
141
142
141
141
141
140
142
141
140
141
141
140
140
142
139
139
140
140
140
139
141
141
140
139
138
140
141
141
141
138
141
141
140
141
147
142
140
141
141
140
141
142
141
142
142
144
139
142
141
110
142
142
144
142
142
143
143
142
143
141
142
143
143
142
144
144
143
143
143
158
135
144
143
148
143
143
146
145
144
144
144
143
144
144
139
144
145
144
142
145
145
144
145
145
139
146
146
145
145
148
146
146
147
147
146
147
143
148
148
147
147
149
149
148
149
148
149
148
149
148
150
149
148
150
158
149
150
149
150
149
148
144
148
148
149
148
147
149
148
147
148
148
149
146
147
148
147
147
148
148
147
148
150
146
147
147
143
146
147
149
147
145
146
147
146
147
147
146
146
146
146
147
146
146
145
145
147
145
144
146
147
144
146
146
146
145
145
145
149
146
145
145
145
144
141
144
145
146
145
143
145
145
144
145
145
144
144
144
142
144
146
144
144
145
145
144
144
145
145
145
144
145
144
144
144
145
144
145
151
145
144
145
146
145
147
146
147
146
146
146
146
146
161
146
147
148
158
147
148
150
148
148
148
148
150
149
148
149
148
149
149
149
150
149
148
150
150
149
149
146
150
148
149
146
149
148
149
148
147
148
149
148
147
149
149
146
148
149
147
144
148
148
146
147
147
147
148
147
148
146
148
147
146
146
148
146
145
147
148
146
148
149
147
148
147
148
148
148
148
147
148
149
148
148
149
152
149
148
151
150
149
149
149
149
150
149
150
149
145
149
149
150
150
150
148
149
149
150
149
148
149
149
147
149
155
149
149
148
148
147
149
147
147
148
148
146
147
147
147
146
148
146
147
147
147
146
147
146
147
142
147
148
146
147
143
148
147
149
148
147
153
148
149
149
149
148
149
149
150
148
149
149
150
148
148
149
149
150
149
149
148
150
148
145
149
150
153
149
149
149
148
150
148
147
148
147
148
148
147
148
148
147
148
144
146
147
147
146
146
146
146
158
145
147
147
147
150
147
147
149
147
146
148
147
143
148
148
148
148
148
148
148
149
149
149
148
149
147
155
150
146
150
149
150
149
150
149
153
149
150
150
150
149
150
151
148
149
149
150
148
146
148
149
151
149
149
148
149
152
147
148
149
147
145
144
147
150
147
147
151
147
147
147
147
147
147
147
146
147
147
146
147
148
147
147
147
148
147
147
145
148
148
148
148
147
149
148
148
148
150
148
148
137
149
149
148
150
151
149
148
148
149
150
150
150
149
151
150
149
150
150
150
150
152
150
151
151
150
150
148
151
152
151
151
151
153
150
151
152
150
151
152
151
147
152
151
152
153
152
151
152
154
151
150
153
154
152
153
154
154
153
154
154
159
155
156
155
154
156
155
154
156
158
156
156
156
157
156
157
157
157
157
160
156
155
157
156
156
156
157
156
155
156
152
155
156
156
156
154
156
156
154
156
155
155
155
157
155
154
154
155
154
156
161
152
153
153
155
159
161
155
154
154
155
155
154
154
153
155
154
155
155
156
155
156
155
156
157
156
155
156
156
156
156
156
158
156
156
157
158
156
157
158
157
156
157
157
157
158
157
157
157
157
157
157
156
157
155
156
157
156
156
157
155
156
157
154
157
157
156
153
155
155
161
154
154
154
155
154
154
153
153
154
154
153
156
157
153
158
154
152
153
153
153
153
153
153
153
152
153
151
153
152
153
152
153
152
153
153
151
152
153
152
146
152
149
152
152
152
150
155
151
150
150
150
154
150
153
148
149
149
149
149
149
149
148
148
153
152
148
147
148
150
150
147
150
148
147
148
147
146
148
147
147
148
148
147
147
147
148
148
147
148
149
147
148
149
148
148
149
149
149
150
153
149
148
154
150
147
150
150
147
149
150
150
151
149
149
150
150
