55
56
57
56
57
57
58
57
57
57
57
58
56
57
57
54
52
53
54
53
53
53
51
60
53
54
50
52
53
53
52
54
50
53
52
54
52
52
54
53
52
52
53
56
52
52
52
53
52
52
53
53
52
52
52
52
52
52
53
53
53
49
51
51
53
51
52
52
52
52
52
52
51
52
52
50
51
53
52
54
49
52
52
51
51
52
52
51
51
49
52
48
51
51
52
52
51
51
51
52
50
51
51
52
64
52
52
51
55
52
52
54
52
51
51
51
52
51
52
52
52
50
52
52
51
52
52
51
51
50
52
51
51
52
53
51
53
52
52
48
52
51
52
52
52
49
51
52
51
50
52
53
51
51
52
53
50
52
52
51
52
51
48
51
53
53
49
52
52
53
51
52
51
51
52
51
52
52
52
52
51
52
46
51
52
51
52
51
50
51
52
50
50
51
50
51
51
49
50
50
50
49
49
50
47
49
48
48
49
49
49
48
49
51
47
47
49
48
46
50
47
47
47
47
47
38
45
47
36
48
47
49
48
48
48
48
48
48
48
47
48
48
48
49
46
48
48
49
51
48
48
49
49
50
49
50
49
17
50
50
49
49
49
49
50
51
51
48
49
50
49
53
49
49
43
48
48
49
48
48
46
48
48
53
47
46
48
47
47
47
47
48
47
47
47
47
48
57
46
47
47
47
47
47
47
47
48
45
48
49
47
48
48
48
50
48
49
49
48
48
46
49
48
49
49
51
49
49
50
47
52
53
49
50
46
49
50
50
51
50
43
50
51
50
47
50
65
51
51
51
50
52
49
50
50
51
54
50
52
51
55
50
51
51
51
51
51
50
51
55
51
50
51
54
50
51
51
52
51
51
47
51
52
51
51
50
50
52
52
52
52
51
51
51
51
51
51
52
51
52
53
50
52
47
51
51
51
53
52
50
51
50
50
50
51
49
48
52
46
49
52
50
49
48
47
49
48
48
48
48
45
47
48
47
48
47
47
46
48
46
47
47
47
47
46
50
47
48
47
45
48
48
48
48
48
50
49
48
48
49
50
46
49
49
49
52
49
49
49
51
49
49
48
47
50
49
50
45
50
49
50
51
49
53
50
50
51
50
50
51
50
51
51
50
51
51
52
51
50
51
48
48
51
51
52
51
51
51
52
51
51
54
56
52
52
52
52
53
53
53
53
54
54
53
53
55
54
54
59
55
55
54
55
55
44
55
56
55
56
54
56
54
56
57
56
59
58
57
56
56
56
49
56
56
56
55
56
49
54
55
57
55
55
70
56
55
54
54
53
55
54
54
54
55
55
54
53
54
59
53
52
54
56
53
54
54
55
54
56
54
56
55
62
54
55
51
55
55
55
55
55
55
53
56
56
56
56
55
57
56
56
56
58
57
56
57
57
57
53
57
57
58
56
56
58
57
56
54
55
56
56
56
55
56
56
55
55
57
54
56
55
55
55
55
55
54
55
52
47
55
53
55
54
54
54
54
54
54
54
53
55
52
51
54
56
55
54
55
54
56
54
55
55
55
56
56
56
59
57
56
56
56
57
55
56
56
58
56
57
58
55
56
57
56
56
59
56
56
56
56
56
55
56
58
56
55
55
55
55
56
55
54
55
54
54
54
52
55
54
54
54
54
54
54
53
54
54
53
63
54
55
55
54
54
56
55
54
53
55
55
49
55
55
57
56
55
55
56
57
55
57
57
57
56
56
58
57
57
57
57
55
56
55
51
57
57
56
56
56
58
55
56
56
56
56
55
55
55
56
55
55
55
56
55
54
58
55
53
55
54
55
55
54
47
53
54
54
54
54
54
54
54
57
54
55
54
54
55
55
55
55
55
56
57
55
55
56
57
56
55
57
57
56
69
56
57
56
58
55
56
57
58
54
56
57
56
56
56
61
57
56
56
55
56
56
55
55
56
55
55
56
58
55
51
55
55
55
54
54
54
54
52
52
55
53
55
54
53
54
55
54
54
55
56
54
54
55
54
55
53
54
55
52
55
55
55
56
56
56
56
55
57
57
56
56
57
57
55
56
57
57
57
57
57
58
54
54
56
55
49
56
57
56
56
56
50
56
56
68
56
55
56
55
55
55
55
54
56
55
55
54
53
55
52
54
51
54
53
54
55
54
54
39
55
54
54
54
55
55
55
55
54
56
56
55
55
57
55
55
56
35
55
55
56
57
58
58
56
55
57
57
54
57
57
57
56
55
57
57
57
56
57
57
57
57
56
57
57
57
53
56
56
55
55
55
56
54
55
55
56
55
39
54
54
55
55
54
54
54
54
54
54
56
68
53
54
53
54
53
53
53
53
53
53
53
53
53
52
52
53
51
52
52
52
52
52
53
52
52
53
52
52
57
53
54
52
52
51
48
52
52
52
52
53
51
52
50
52
52
51
51
53
52
52
52
55
51
54
52
52
47
52
49
52
50
52
52
52
52
51
50
52
53
52
52
52
53
53
53
53
52
54
54
53
54
54
54
52
54
54
55
53
55
55
55
55
51
55
56
55
59
56
57
63
55
56
57
57
56
56
56
56
54
52
56
56
57
56
55
56
56
55
56
56
56
56
55
55
55
55
54
54
55
55
55
54
54
55
54
54
53
54
54
54
54
54
52
51
57
54
55
54
54
54
55
56
55
55
55
55
55
52
55
56
57
54
57
56
55
56
56
56
57
56
57
56
54
57
57
56
56
57
56
57
56
57
56
56
56
59
56
55
51
55
57
55
55
55
55
52
50
54
55
55
54
54
54
55
54
54
53
53
52
54
54
54
55
54
54
54
55
54
65
54
55
55
55
55
45
55
55
56
55
56
56
56
55
57
57
56
56
57
58
56
58
57
57
57
57
57
57
57
57
56
57
56
57
55
60
57
56
56
55
57
56
55
56
52
56
55
55
55
56
54
54
54
55
55
54
54
54
54
54
54
54
55
54
54
53
54
55
54
54
52
55
54
55
55
55
58
55
55
55
56
56
55
56
57
71
55
56
55
58
55
56
62
57
56
57
57
57
57
57
56
57
57
56
25
57
58
56
56
58
56
56
57
56
56
56
56
56
56
53
55
55
55
55
55
55
55
55
55
54
54
54
55
55
56
55
55
55
54
55
55
55
56
55
55
56
55
56
54
56
56
56
57
56
57
55
56
56
57
56
56
56
57
57
57
59
57
57
57
56
58
57
57
57
48
57
57
57
56
55
55
56
56
55
56
56
56
55
56
56
55
55
55
55
54
55
54
55
53
54
54
54
55
54
53
54
55
54
54
54
55
54
54
54
54
56
55
55
51
56
55
64
55
56
56
55
56
56
57
56
57
55
53
56
56
56
57
58
57
56
56
55
56
56
57
57
57
57
