49
49
49
48
50
48
48
48
49
49
46
52
47
48
48
48
47
47
47
47
47
50
51
50
50
51
50
49
49
49
48
49
49
49
48
50
48
48
48
49
49
46
52
47
48
48
48
47
47
47
47
47
50
50
49
48
49
50
48
48
56
48
49
47
48
48
48
48
47
48
48
48
48
47
47
48
47
47
47
46
46
47
47
47
47
47
47
48
51
48
50
48
48
48
48
48
49
49
49
49
49
50
49
49
49
50
49
48
48
50
50
49
50
49
50
49
50
51
57
50
50
49
49
49
51
48
48
50
48
51
48
48
48
51
48
45
48
48
44
47
48
48
47
48
48
48
46
47
47
47
47
47
47
46
48
47
47
46
47
46
45
47
48
47
47
49
48
48
48
49
48
49
49
49
50
51
49
48
50
50
50
49
50
49
49
49
49
52
50
48
49
49
49
50
50
49
49
50
48
49
49
48
49
48
48
48
49
48
47
48
49
47
47
48
46
47
47
47
74
47
51
49
47
47
47
47
48
47
48
47
47
47
50
47
48
48
49
47
48
47
48
47
47
53
48
48
47
48
49
50
47
49
49
49
49
48
49
49
48
50
49
50
48
51
50
50
50
51
50
50
52
50
51
50
50
50
52
50
50
50
51
52
50
51
51
51
51
53
51
51
52
51
50
52
51
50
52
52
53
52
52
53
55
53
53
53
56
70
54
53
55
55
55
54
55
55
55
56
50
55
55
56
56
56
57
54
56
56
56
56
55
56
53
52
56
57
56
56
56
57
55
56
54
57
55
56
57
55
55
56
56
56
55
55
60
54
55
54
57
54
56
53
51
55
54
52
56
54
54
53
53
51
54
53
53
52
54
57
52
52
53
53
50
53
53
59
53
53
54
52
52
51
53
52
53
53
53
52
53
52
53
53
62
52
52
56
52
52
52
51
52
50
52
52
52
51
56
51
53
52
54
52
52
52
50
52
52
51
52
52
52
51
51
54
51
52
52
54
51
52
53
51
53
51
54
53
53
52
54
54
57
54
52
54
55
55
55
55
55
56
55
56
55
54
56
56
55
59
57
56
56
56
58
56
57
56
57
59
56
55
57
57
56
55
56
56
55
53
55
56
55
50
55
57
55
55
55
55
54
55
55
54
55
55
51
54
54
54
52
54
55
54
54
54
53
55
55
54
53
54
56
55
55
54
56
55
56
59
55
56
56
56
57
57
56
46
56
57
57
56
59
57
57
57
57
57
56
57
57
56
57
57
56
56
59
58
55
56
54
57
56
56
57
56
56
57
57
55
56
55
54
61
55
55
26
54
55
55
54
55
54
55
58
54
54
51
55
56
57
58
56
55
55
55
56
56
56
57
56
57
56
56
56
57
56
56
57
57
56
57
57
56
57
57
57
57
59
57
57
57
58
58
58
58
58
59
58
58
56
58
58
58
58
57
57
57
58
57
59
57
60
58
59
59
59
62
58
59
59
60
59
60
58
58
61
59
57
57
58
59
59
59
54
59
59
56
60
58
60
59
59
60
58
59
59
59
59
59
59
60
58
59
60
59
58
60
60
59
59
61
60
59
59
59
61
60
59
58
59
60
59
59
59
60
59
58
61
60
59
59
62
59
59
58
59
58
59
59
61
59
59
60
59
59
60
60
59
58
60
60
58
59
59
59
60
60
58
58
72
59
59
59
60
59
59
59
59
60
59
61
59
60
59
59
59
59
60
59
59
58
60
59
58
58
58
58
58
57
56
57
57
57
57
57
56
57
57
56
55
57
56
56
56
55
55
55
56
55
54
55
55
55
54
62
55
54
55
55
55
55
55
48
55
57
56
55
55
56
57
55
56
56
53
56
56
56
56
62
56
56
56
58
57
56
57
58
57
56
57
57
57
58
57
57
58
55
57
56
57
57
55
56
56
56
55
57
56
57
56
55
55
56
56
55
55
55
55
54
54
54
55
54
55
56
54
55
54
54
53
55
55
53
53
54
54
51
53
53
53
52
53
52
53
53
53
52
51
53
53
51
53
54
53
52
53
53
54
52
53
53
52
51
52
52
53
52
53
51
53
52
51
51
53
53
50
50
54
50
54
51
49
50
49
48
49
49
49
46
48
48
48
48
48
48
48
48
48
46
48
48
48
47
47
49
48
48
48
48
48
48
47
48
49
48
47
47
51
49
48
48
58
49
49
50
51
50
49
50
51
50
50
45
49
50
51
50
50
49
48
47
45
49
49
48
50
48
49
49
63
48
48
49
46
45
48
49
47
47
46
48
48
47
47
47
47
47
47
46
47
48
47
46
48
50
47
47
47
46
48
48
48
51
48
48
47
48
51
49
48
48
49
48
48
49
49
49
51
49
49
49
49
50
49
50
50
50
49
51
51
49
50
53
49
50
51
51
50
51
51
52
50
52
50
50
51
52
50
50
51
51
51
51
51
51
50
51
51
51
52
51
47
51
51
45
51
51
51
52
48
51
51
50
51
52
51
52
53
52
52
51
52
53
51
51
52
49
51
52
51
50
51
51
51
52
52
51
51
52
51
52
51
52
