55
55
55
55
55
55
55
54
54
55
55
54
54
54
55
54
54
54
55
54
55
55
55
56
55
55
55
56
55
55
56
56
49
49
49
49
48
48
49
48
48
48
48
48
47
48
47
48
47
47
47
48
47
47
47
48
48
48
47
48
48
47
48
48
48
48
48
48
48
50
49
49
49
49
49
48
49
50
50
49
49
49
50
49
50
49
50
49
49
49
49
50
48
49
49
49
48
49
49
49
48
48
48
48
49
48
47
47
48
47
47
47
48
47
47
47
47
48
47
47
47
48
47
47
47
48
48
47
47
48
48
47
48
48
48
48
48
48
48
50
49
48
49
49
48
49
50
49
49
49
49
49
50
50
49
49
50
50
49
50
51
50
49
50
50
51
50
51
50
50
50
51
50
51
51
50
50
51
52
50
51
51
51
51
51
51
51
52
51
51
51
52
51
51
51
51
51
51
51
51
52
51
51
51
52
51
51
51
52
52
50
51
51
52
51
51
51
52
51
51
51
51
52
52
52
51
52
51
51
51
51
51
51
51
51
51
50
50
50
51
50
49
49
50
49
48
49
49
49
48
48
48
49
48
48
48
48
48
47
47
48
48
47
47
48
48
47
48
48
48
48
48
49
48
49
48
48
48
49
48
48
48
49
49
48
49
49
49
49
49
49
50
49
49
49
50
50
49
49
50
50
49
49
49
49
49
49
49
49
49
49
48
49
50
48
48
48
48
48
48
48
48
48
47
47
47
48
47
47
47
48
47
46
47
47
47
46
47
47
48
47
47
47
47
48
47
47
48
48
48
48
48
49
48
48
48
48
49
48
48
48
50
49
48
49
50
49
49
49
49
50
49
49
49
50
49
49
49
49
50
49
49
49
49
48
48
48
49
48
48
48
48
48
47
47
48
48
47
46
47
48
47
47
47
47
47
46
47
46
47
47
47
46
48
47
47
48
48
48
47
48
48
48
48
48
48
48
48
49
48
48
50
49
48
49
50
49
49
49
50
49
49
49
49
50
49
49
49
49
48
48
48
49
49
48
48
47
48
48
48
47
48
48
47
47
48
48
47
47
47
48
46
46
47
47
47
46
47
46
47
47
47
47
48
47
47
47
48
47
47
48
48
48
