41
40
45
40
40
40
39
40
39
40
40
29
44
44
44
43
44
43
43
43
44
42
40
42
43
27
42
41
41
42
42
41
40
45
40
40
40
39
40
39
40
40
29
51
51
49
50
50
50
51
51
50
51
51
52
50
51
51
49
51
51
51
52
50
51
50
51
51
51
54
51
51
51
49
51
52
52
51
52
53
52
53
53
53
53
53
53
53
57
54
53
54
55
54
55
54
55
55
55
55
55
56
56
58
56
57
56
56
56
57
54
56
57
55
54
55
56
55
55
55
54
52
54
55
54
55
53
53
52
57
52
52
62
55
51
50
49
54
50
50
49
50
50
53
50
50
49
49
49
52
49
49
48
48
49
49
47
49
50
49
49
50
50
48
50
49
50
48
50
50
47
51
49
49
49
51
50
50
50
50
51
52
49
50
51
51
50
50
51
51
50
50
50
52
50
50
50
51
50
52
51
51
50
50
50
51
48
51
51
51
53
51
51
54
52
51
51
51
51
52
50
51
51
52
44
51
51
52
46
51
55
51
48
52
51
50
52
52
52
53
51
52
51
51
52
53
51
52
51
45
49
52
51
51
53
51
50
51
51
51
50
52
51
50
51
51
50
50
52
49
49
50
60
49
48
49
49
48
48
48
49
48
48
48
49
48
47
47
48
48
48
32
47
48
47
46
48
48
47
48
48
48
48
47
48
48
47
48
48
48
49
48
48
49
48
50
49
52
49
49
49
51
49
50
49
49
49
49
50
49
49
50
47
50
49
49
52
50
49
48
50
49
48
48
48
48
48
48
48
48
48
47
47
47
47
47
47
46
46
47
47
47
47
48
47
47
47
48
47
49
47
48
48
47
48
48
49
50
48
48
35
49
48
49
49
49
49
49
46
50
49
49
45
50
50
49
50
50
50
49
49
50
50
49
49
49
49
48
49
48
49
48
48
48
48
51
48
48
48
47
48
47
48
47
48
48
47
47
48
47
47
47
47
50
46
47
40
46
47
47
51
48
48
47
44
48
48
48
43
48
49
48
46
49
49
48
47
47
49
50
50
48
49
51
53
49
50
50
50
50
49
50
50
49
49
46
50
49
49
49
49
49
48
48
48
49
48
49
48
48
50
47
47
48
46
48
47
47
46
47
47
47
48
47
47
51
47
48
48
48
47
49
47
47
48
49
56
48
48
49
50
48
49
47
49
49
49
38
50
50
49
48
49
50
49
50
50
50
49
50
58
50
52
50
50
50
53
50
50
51
51
50
50
61
51
51
50
49
51
52
51
51
51
51
53
51
50
51
55
51
51
51
55
51
51
51
51
52
52
51
51
52
51
51
51
52
51
51
52
52
52
52
51
51
52
51
51
52
51
51
51
51
52
52
51
52
53
52
51
54
50
52
52
51
51
51
54
51
51
51
52
52
51
51
52
51
51
49
51
52
52
52
51
52
51
51
52
53
53
48
52
51
52
51
52
51
64
52
52
52
57
53
52
55
53
54
53
57
54
54
54
54
54
54
55
54
55
55
56
55
55
53
56
55
56
52
56
57
56
56
56
57
22
55
56
57
55
55
56
56
58
56
55
55
55
56
55
54
56
55
55
54
55
55
54
54
54
55
55
55
54
54
54
55
54
53
53
54
53
53
55
53
53
53
55
53
53
53
53
53
53
57
56
54
53
54
53
53
54
55
53
53
53
52
53
52
52
53
52
52
53
53
52
52
51
52
51
51
52
51
51
51
51
50
51
50
50
49
50
55
49
49
46
48
48
49
49
49
48
50
48
48
48
48
48
47
46
49
47
47
48
46
47
47
47
46
47
46
47
47
46
41
47
47
46
45
45
46
46
44
45
45
46
45
46
45
46
45
45
45
42
45
45
45
47
46
44
45
50
45
45
45
44
44
45
50
44
44
45
46
44
44
45
45
44
45
44
44
45
45
42
45
45
47
44
45
45
44
43
44
46
43
46
44
45
43
44
44
44
37
43
44
44
43
44
44
39
45
44
44
44
44
45
44
44
44
45
44
43
44
45
44
45
45
44
45
45
44
44
44
43
43
43
42
43
43
64
39
43
42
39
39
42
41
41
39
41
41
41
42
40
41
40
39
40
40
40
39
39
40
40
39
39
33
42
39
38
38
40
38
52
37
33
38
37
37
36
39
37
37
37
37
37
37
37
37
41
37
36
37
42
36
37
37
35
36
37
28
39
41
36
36
35
38
36
36
36
37
37
36
35
36
36
36
36
36
36
36
35
36
36
37
35
35
36
37
32
36
36
37
39
36
36
25
36
36
35
35
38
34
36
36
32
36
36
36
36
36
36
36
36
36
36
35
35
36
36
36
35
36
36
34
35
35
34
35
38
35
35
36
36
35
36
38
35
35
36
37
35
35
32
35
36
36
34
35
37
35
35
36
37
36
35
36
36
34
35
36
36
35
37
36
36
35
36
36
36
34
38
37
37
38
38
37
34
37
38
38
38
39
38
40
40
34
39
40
37
39
40
40
32
39
41
40
38
41
40
41
41
42
41
42
41
41
41
42
45
42
36
43
43
43
43
44
41
43
44
44
42
43
44
43
43
43
43
47
43
43
43
46
43
43
43
43
44
44
44
44
45
44
44
45
45
44
42
45
45
46
45
46
46
47
44
41
47
47
45
47
47
48
46
48
48
47
49
48
48
46
49
48
48
35
49
48
48
47
49
49
51
48
48
49
47
49
45
48
48
48
47
48
47
48
47
46
46
47
47
47
13
48
