47
48
48
47
48
48
47
44
48
47
49
50
48
49
49
51
50
51
51
51
51
52
50
52
53
53
52
52
54
53
47
47
47
46
46
47
50
46
44
47
45
46
46
60
46
45
46
46
46
45
45
45
46
46
45
45
45
45
45
45
46
44
45
45
46
45
45
45
44
45
42
48
44
44
45
44
45
45
45
45
44
44
44
43
46
45
44
45
45
44
44
45
45
44
45
42
43
44
44
44
45
45
45
44
44
46
44
46
46
47
46
45
45
46
46
46
46
46
47
46
66
46
48
48
47
48
48
48
48
48
51
48
48
48
48
49
49
48
48
50
50
48
49
49
45
48
49
48
49
48
48
48
50
49
47
47
48
45
47
47
50
48
48
47
47
44
49
47
47
46
47
46
46
47
47
47
46
46
37
46
46
47
46
45
46
46
43
46
46
46
45
45
45
45
45
43
45
44
45
45
44
45
45
44
45
48
45
47
45
46
44
45
45
46
45
46
41
45
44
44
45
45
44
44
45
44
44
45
44
43
44
44
45
45
44
45
45
44
44
45
45
44
43
45
45
44
45
45
43
45
44
45
44
46
45
47
46
46
45
46
46
47
47
46
47
47
47
47
48
48
48
47
48
47
50
49
48
48
49
49
48
49
49
49
49
49
49
48
49
49
49
49
49
45
48
49
49
48
51
48
47
48
48
50
47
48
48
47
47
48
47
46
47
47
52
47
47
47
47
46
47
47
48
48
46
47
48
49
48
48
51
48
48
33
48
48
51
48
52
48
50
49
46
48
50
49
49
49
50
50
50
47
50
50
48
49
49
50
49
48
48
50
48
49
50
49
49
49
48
49
49
48
48
48
47
48
48
47
47
48
47
48
47
48
47
47
46
46
48
40
46
43
47
47
48
47
48
48
47
46
47
48
50
48
48
49
48
46
48
49
47
48
48
48
49
58
49
50
49
48
49
12
50
50
50
49
48
51
50
49
49
50
49
49
48
49
49
52
49
48
49
48
48
48
49
49
48
48
49
49
52
47
47
45
47
47
39
47
48
47
47
47
48
47
46
47
49
47
47
49
48
47
48
47
47
49
48
46
48
50
48
49
49
49
49
49
49
49
50
50
48
49
50
49
50
50
50
50
34
49
49
52
49
50
49
50
49
60
49
46
49
48
46
56
49
48
47
48
48
47
47
48
47
48
47
46
47
47
48
47
45
47
47
51
47
46
47
46
47
48
48
48
47
47
48
48
48
48
48
49
48
48
48
48
55
48
48
49
49
49
49
48
53
49
49
49
50
49
49
49
50
50
50
50
49
51
49
48
47
49
49
48
48
50
49
48
48
48
49
47
47
49
48
47
47
47
47
47
47
50
47
48
47
47
44
48
47
47
48
49
48
48
50
48
50
51
50
49
51
50
48
50
50
52
51
51
52
52
52
52
51
53
53
49
52
53
52
54
54
61
55
55
54
54
55
54
55
54
54
56
54
54
59
55
54
53
54
54
54
53
57
54
48
54
54
51
54
53
49
53
55
54
53
50
53
53
52
53
51
53
52
54
53
52
53
52
53
53
53
51
52
52
53
52
52
52
51
54
52
52
60
53
55
52
52
52
52
51
52
52
51
52
51
51
52
52
51
50
53
50
