52
52
56
52
52
52
51
60
51
52
51
51
52
53
51
54
51
52
52
52
51
52
51
51
51
52
53
51
51
51
52
52
52
52
56
53
52
52
52
51
53
47
52
52
52
52
51
52
52
51
52
51
51
51
52
52
51
52
52
51
52
54
52
52
52
52
56
51
51
49
52
52
65
51
52
52
52
51
52
52
52
51
49
52
52
51
52
51
52
49
52
51
52
51
51
51
51
51
50
52
50
50
44
49
51
49
50
46
48
48
50
49
46
48
49
51
48
46
48
48
47
47
47
48
47
46
47
48
49
47
47
48
48
47
48
49
49
48
48
47
45
49
49
48
48
49
51
51
49
49
54
49
49
50
49
50
50
49
50
51
50
50
50
50
50
50
51
50
51
51
50
50
51
50
47
50
51
50
50
51
52
53
50
51
51
51
50
51
53
49
50
52
51
52
51
53
52
53
51
51
52
53
55
52
52
52
53
53
53
52
55
53
53
54
54
55
49
54
55
55
55
55
53
39
55
56
55
56
57
56
55
57
57
56
55
56
57
54
54
56
54
56
54
55
53
55
53
53
53
49
51
51
53
52
52
51
52
51
51
50
51
50
51
51
49
49
50
51
49
49
49
50
50
49
50
49
50
49
50
51
51
50
49
50
51
50
49
50
49
50
50
50
53
50
45
50
49
51
51
41
50
52
51
49
50
50
50
50
48
48
49
50
49
49
49
50
48
49
49
49
48
50
51
48
49
48
48
47
47
48
47
47
48
47
47
46
49
43
47
47
46
47
47
47
46
48
49
47
47
50
49
50
47
48
48
47
48
49
47
47
48
49
48
49
48
48
48
49
51
48
49
50
50
54
49
49
49
53
50
50
50
51
50
51
48
50
50
50
50
51
51
50
50
50
51
51
50
50
50
50
50
51
51
51
50
51
41
51
50
51
50
52
52
51
51
53
52
52
52
53
53
53
51
52
54
53
54
54
53
52
55
54
54
55
54
54
54
56
55
55
56
56
44
57
56
57
56
56
55
55
57
56
54
55
59
56
55
56
55
55
56
54
55
56
55
55
54
55
55
53
54
54
55
54
53
54
54
54
54
54
54
54
53
53
53
55
54
54
54
56
56
55
55
54
55
55
55
52
57
55
55
55
56
56
58
54
57
57
56
56
56
57
58
56
57
57
57
57
56
55
56
57
57
57
57
56
57
54
57
56
56
56
55
56
61
55
55
56
55
54
55
57
54
54
55
54
55
55
52
55
54
54
55
54
54
54
53
53
54
54
55
52
54
52
54
53
53
52
57
55
52
53
55
52
52
52
55
53
52
53
52
61
54
53
53
53
53
52
49
50
53
51
52
52
52
51
52
48
52
52
52
52
47
53
54
51
52
53
52
52
52
52
51
53
52
51
52
52
49
54
51
51
51
52
52
52
51
53
52
53
52
53
60
52
53
53
53
54
55
54
54
54
55
54
55
55
59
53
55
55
55
56
56
54
56
57
56
56
56
57
57
56
49
56
56
56
56
56
57
54
56
56
56
56
55
56
55
56
55
55
55
55
55
55
53
50
55
55
54
54
46
55
52
53
54
54
53
54
55
55
54
53
53
54
42
53
51
54
53
52
53
53
53
52
52
53
53
53
53
51
45
54
51
52
52
77
52
52
52
53
53
52
52
52
53
55
52
54
52
52
51
52
53
52
53
54
51
52
51
52
51
52
53
52
51
52
52
52
51
54
53
52
52
52
53
51
52
49
53
52
53
52
52
53
53
51
53
53
53
53
53
54
52
53
49
54
54
54
54
58
57
55
55
54
56
56
55
58
58
56
56
63
55
56
56
57
54
56
56
55
55
54
57
53
54
54
54
53
53
55
53
52
53
52
50
52
51
46
51
51
51
50
50
50
50
50
53
49
49
49
50
49
48
49
49
48
49
49
48
49
49
49
49
49
49
49
62
49
50
49
50
49
49
49
51
49
50
50
49
50
50
50
49
50
51
52
49
50
56
49
49
50
50
49
49
48
49
49
47
49
49
49
48
48
48
37
48
47
47
48
47
47
42
45
49
47
47
46
47
47
44
47
48
47
46
47
48
47
46
48
47
47
47
47
47
44
41
48
47
48
49
54
48
43
48
47
49
49
49
49
49
48
50
50
49
48
49
49
35
48
49
49
49
48
49
52
48
48
48
48
48
48
48
47
48
49
47
47
47
51
48
47
47
47
47
44
49
45
47
46
46
46
48
48
46
46
47
47
47
47
47
48
49
47
47
48
48
47
49
48
49
47
48
48
49
48
48
47
49
49
49
48
49
47
48
50
49
50
49
49
49
50
49
49
49
49
50
47
51
48
50
48
48
48
44
49
47
47
48
48
48
48
47
51
47
47
46
48
48
46
47
40
47
