149
149
149
149
150
149
149
149
150
150
150
150
151
150
149
144
148
147
146
146
148
148
148
148
144
149
149
149
149
150
149
149
149
150
150
150
150
151
150
149
144
148
147
148
148
148
147
150
148
148
148
150
149
148
148
149
139
149
149
149
150
149
149
150
153
150
150
149
151
150
149
146
150
149
145
150
147
149
149
152
149
149
149
149
147
149
148
150
148
148
148
147
149
148
148
147
148
148
148
147
146
147
148
148
147
146
148
148
147
147
148
148
148
147
147
147
147
147
147
146
148
148
147
148
149
148
148
149
150
148
150
149
149
149
150
150
149
149
150
149
151
150
150
149
150
151
149
148
149
150
150
149
149
148
149
149
148
148
149
150
148
148
149
148
148
148
148
147
147
148
148
147
148
147
151
148
147
146
147
148
147
147
148
148
147
147
148
148
148
148
148
147
150
149
148
148
150
147
149
149
144
149
149
149
150
149
150
150
150
150
151
149
145
150
147
149
149
149
149
149
150
151
149
148
149
148
149
149
147
148
149
145
149
147
149
149
147
148
148
148
148
148
147
147
147
145
147
147
148
147
146
147
148
146
146
143
148
146
148
146
146
146
146
148
145
145
146
145
146
147
145
145
146
146
145
143
145
146
145
145
145
145
145
145
145
149
145
145
144
145
146
144
143
145
146
144
145
148
145
144
143
146
144
145
142
144
144
145
144
144
145
146
145
145
145
146
144
145
146
144
145
148
145
145
146
145
141
147
147
142
146
147
146
147
147
147
147
148
147
147
147
146
148
147
149
148
148
148
148
149
150
148
150
149
149
149
152
147
149
149
150
149
146
148
148
148
150
150
150
148
149
148
148
146
148
148
149
148
146
148
148
147
147
147
148
141
146
147
150
147
147
150
146
147
147
144
147
148
147
147
147
148
148
148
149
147
147
149
149
148
149
148
148
148
151
151
149
149
151
149
149
149
148
145
150
177
149
150
150
148
149
139
152
149
147
150
149
149
148
150
148
149
149
149
149
148
148
132
149
148
147
147
148
152
145
144
148
147
146
148
147
147
147
147
147
149
147
147
147
146
147
147
147
148
148
146
147
148
149
148
148
148
148
145
150
148
149
149
149
149
150
150
151
149
150
151
149
148
150
149
148
149
147
149
149
150
148
148
150
147
149
150
149
148
147
149
148
148
149
148
148
148
134
148
148
149
147
147
147
148
147
147
147
148
146
147
148
147
148
148
146
148
150
149
147
148
146
147
148
148
148
147
148
149
149
149
148
149
148
148
149
148
149
151
149
148
150
151
146
149
150
151
150
150
149
149
150
149
149
149
150
149
148
149
149
149
150
147
144
148
146
149
147
148
147
148
146
151
147
146
144
147
147
146
148
147
147
145
147
147
148
148
147
148
147
148
148
147
149
150
146
148
148
149
150
120
149
144
150
149
149
149
147
149
148
150
152
149
149
150
150
149
150
149
151
150
149
150
149
150
150
148
148
150
148
148
144
149
147
148
148
147
148
148
148
147
148
147
147
147
148
147
146
147
148
148
146
147
147
147
146
147
146
144
147
146
143
147
146
145
147
146
146
146
146
146
149
144
146
145
146
145
145
146
146
147
145
145
146
145
144
145
146
144
143
145
144
147
144
144
143
144
143
143
145
143
143
142
142
143
143
141
142
142
143
141
141
141
141
140
140
140
141
140
140
140
140
141
139
144
141
141
140
140
140
140
138
141
141
144
142
141
140
141
142
140
141
142
142
140
142
143
142
143
132
142
142
143
143
142
147
141
143
142
139
143
143
143
143
156
142
143
143
143
144
144
143
144
145
143
142
145
145
