166
163
165
166
165
166
166
165
164
166
166
166
166
167
167
165
166
164
166
166
166
166
164
167
167
166
163
165
166
165
166
166
165
164
166
166
166
166
167
167
165
166
164
166
166
166
166
164
167
167
166
155
155
156
154
156
155
153
155
155
155
156
156
156
157
156
157
156
155
156
156
156
154
157
157
156
158
156
157
157
157
156
156
158
157
157
156
157
157
156
157
158
157
156
157
157
158
155
156
156
157
157
156
156
158
156
155
156
156
155
154
160
157
155
155
153
154
154
155
155
153
155
154
154
153
149
155
152
154
154
154
153
154
153
154
153
153
153
153
154
154
152
152
154
152
152
153
153
152
152
152
152
152
153
153
156
153
151
152
152
154
152
150
153
153
152
152
152
152
153
153
152
139
153
150
151
151
153
152
152
152
152
151
152
152
153
151
152
153
151
152
153
151
152
153
152
153
152
153
152
152
152
146
152
151
151
155
152
152
150
150
152
151
151
151
148
153
151
152
152
152
151
152
151
151
152
152
151
152
152
151
149
152
152
151
152
152
154
151
152
153
153
151
152
151
151
152
152
151
152
153
152
152
151
152
151
151
152
152
151
152
152
152
153
152
153
148
154
165
149
153
156
153
154
151
154
152
154
154
157
155
155
153
153
156
155
155
156
158
155
156
156
157
156
156
161
157
157
157
157
156
157
156
156
156
155
156
155
156
157
157
154
156
155
156
156
156
157
156
155
155
154
155
155
154
155
155
156
154
155
155
155
154
156
154
155
156
158
154
155
155
155
155
155
156
157
155
155
156
156
156
156
156
157
156
157
156
157
156
156
159
159
156
151
160
157
156
158
157
158
157
157
157
157
157
157
156
156
158
156
156
156
157
155
156
156
156
156
150
154
155
157
155
155
155
155
155
153
155
155
154
153
154
154
154
154
155
153
155
159
154
154
156
155
152
151
156
155
152
156
155
156
156
156
156
157
156
156
157
157
156
156
156
158
157
156
156
157
158
157
157
157
157
157
158
158
158
158
157
157
159
159
157
159
158
158
157
171
159
159
159
159
157
158
159
158
158
158
159
158
158
157
159
158
158
159
159
158
159
159
159
159
160
159
160
160
158
160
160
162
162
166
162
162
162
162
165
162
163
163
163
162
164
164
163
164
163
164
163
164
163
164
164
164
164
160
164
163
162
163
164
162
162
163
162
159
161
161
163
163
160
160
160
161
159
159
161
159
158
158
159
158
157
157
158
159
154
157
158
157
156
158
157
157
157
157
156
157
158
157
156
157
158
156
158
158
158
156
158
157
157
157
158
160
158
158
155
156
158
159
158
157
159
159
151
158
158
157
158
157
157
156
157
157
156
158
158
157
158
157
156
155
156
157
157
156
156
155
154
156
155
154
154
157
155
154
154
155
153
154
154
153
154
154
154
156
154
154
154
153
152
153
153
151
153
153
153
153
153
153
153
153
152
154
153
153
152
154
152
152
148
153
153
152
150
153
154
152
152
154
149
152
152
151
150
153
152
151
152
152
152
152
152
153
151
152
151
151
151
151
148
151
153
151
153
152
153
149
152
155
154
152
148
152
151
153
153
153
153
155
154
153
131
153
158
154
153
155
149
154
155
156
156
156
156
156
156
156
156
155
156
156
156
157
157
156
156
159
155
157
157
157
157
159
159
158
157
159
157
160
157
158
159
157
158
159
159
155
159
159
159
158
159
158
159
159
159
164
158
158
158
159
159
159
158
159
159
159
158
159
159
