50
47
50
50
49
50
50
49
50
49
50
50
52
53
53
52
52
53
53
52
53
54
54
54
54
55
54
54
55
54
56
56
55
57
55
56
57
56
56
56
56
59
56
56
57
56
56
56
57
60
57
56
57
57
56
56
56
62
56
56
59
57
56
56
55
54
56
55
54
55
58
53
54
57
54
54
51
54
54
54
54
54
53
54
57
54
53
52
53
53
53
53
51
66
53
53
53
53
53
53
53
53
52
61
52
53
55
53
50
52
53
52
52
52
53
52
52
52
53
52
52
51
52
51
50
52
34
51
51
51
50
51
51
50
50
52
50
48
49
49
49
48
49
48
48
47
48
47
45
48
47
47
47
48
47
48
46
49
49
48
48
47
49
48
48
55
49
48
47
48
48
48
48
48
48
48
50
48
48
49
49
49
48
50
50
49
48
44
50
49
49
49
50
49
50
49
46
36
49
45
48
49
49
48
44
49
48
46
49
32
48
48
47
47
48
47
47
47
44
47
46
49
47
47
46
47
47
47
49
47
48
47
48
47
47
47
48
47
46
50
48
47
48
48
48
48
48
48
48
45
49
48
49
50
50
49
50
50
49
52
50
49
50
50
49
49
50
50
49
48
51
46
48
48
49
49
48
49
48
48
49
47
40
48
49
48
47
47
48
47
47
47
37
46
47
46
46
47
47
47
46
47
46
48
48
45
47
53
47
48
48
48
47
48
46
46
48
48
48
49
48
48
48
49
48
49
44
48
53
49
49
49
50
50
49
49
50
49
47
47
54
50
49
48
49
50
48
49
49
50
51
48
48
48
49
48
47
48
48
47
48
47
46
43
47
47
46
48
47
46
47
48
46
48
47
48
47
48
47
48
48
47
46
50
48
48
48
48
49
49
49
48
49
51
50
50
49
49
50
49
49
49
50
50
51
51
51
50
49
50
51
50
50
51
51
49
53
50
50
51
50
50
50
51
51
53
49
64
52
51
51
52
51
51
46
51
51
66
51
50
51
53
51
52
51
53
53
51
53
53
54
53
53
53
54
54
54
54
53
47
54
55
55
55
55
55
55
55
57
67
55
56
57
57
57
57
58
56
57
57
57
57
57
57
57
58
58
57
57
68
58
57
58
59
58
56
57
58
58
58
58
58
59
58
59
55
59
59
58
58
58
57
57
60
59
59
58
59
58
58
59
62
61
59
59
59
58
59
60
59
61
61
59
59
59
59
59
60
59
58
58
60
59
59
59
60
58
59
57
59
59
59
59
58
58
59
57
58
59
58
57
57
57
57
56
55
56
56
56
56
55
56
56
55
55
55
56
55
55
55
55
53
51
54
54
54
53
54
54
56
53
53
53
53
54
54
55
51
54
53
53
53
53
54
52
55
53
