146
150
149
148
149
151
148
149
149
150
148
150
149
149
147
148
148
148
149
148
149
139
148
149
148
146
150
149
148
149
151
148
149
149
150
148
150
149
149
147
148
148
148
149
148
149
139
148
149
148
146
150
149
148
149
148
174
149
146
148
148
149
148
148
147
148
148
147
147
148
144
143
147
147
148
147
145
147
148
148
148
147
147
149
147
149
148
150
148
149
147
149
148
149
149
149
149
149
149
149
152
150
149
149
151
149
149
150
151
152
149
152
150
149
150
149
149
151
150
149
149
149
151
153
149
150
149
148
148
149
148
148
150
149
148
148
147
147
149
148
147
148
147
147
144
146
147
147
147
148
147
148
147
147
145
149
148
148
148
149
149
148
149
149
149
147
149
149
149
150
149
149
150
150
149
150
150
150
149
148
150
150
149
149
149
149
149
149
149
149
150
149
150
149
149
148
148
148
148
147
148
148
148
148
148
148
148
148
147
147
145
148
148
146
147
149
148
147
148
148
146
148
148
147
149
147
147
145
152
148
148
148
148
148
148
149
149
148
149
149
151
154
150
150
149
150
150
149
149
151
150
149
152
150
149
150
150
149
151
149
150
149
150
149
149
148
149
148
148
147
150
148
148
148
148
149
149
148
147
148
150
147
146
146
147
147
148
148
147
145
147
148
148
147
148
148
148
148
148
148
148
148
148
148
150
150
148
148
150
150
150
150
146
149
149
150
149
150
150
150
149
150
149
150
150
152
151
150
150
149
150
148
150
149
151
150
150
148
148
151
144
150
149
149
148
148
148
148
148
149
148
148
148
148
147
147
148
147
147
147
149
147
147
148
149
147
148
145
149
149
151
148
147
151
149
148
149
150
149
148
150
150
150
150
151
149
148
150
150
149
153
150
150
150
150
149
149
149
152
150
154
150
149
149
149
150
149
150
149
149
149
149
149
148
148
148
149
147
148
148
147
147
151
147
147
148
148
147
148
149
146
147
147
148
147
147
148
148
147
148
148
148
147
148
147
146
149
148
148
149
150
149
150
149
150
148
149
150
138
149
149
149
150
150
149
151
150
155
151
149
150
151
149
149
139
150
148
150
149
149
148
149
148
148
149
148
148
148
148
147
146
146
148
148
147
148
150
148
148
147
146
148
148
146
146
150
147
137
147
149
148
148
148
148
151
147
148
148
149
149
149
148
149
148
146
149
150
151
149
149
150
149
150
151
149
150
150
150
145
151
150
149
148
151
153
148
151
147
150
147
149
149
148
147
148
147
147
150
148
147
148
148
146
148
147
149
147
148
146
147
147
147
143
148
148
147
147
148
148
148
147
147
147
146
145
148
138
148
149
148
148
150
149
148
149
151
148
148
149
152
150
151
150
151
150
150
150
149
150
150
150
149
151
150
149
149
150
150
149
149
149
149
148
148
149
148
145
148
148
149
148
145
148
151
147
145
148
150
147
147
147
147
147
147
147
146
148
148
147
148
152
148
148
147
148
149
147
150
148
160
148
149
148
149
151
150
148
150
150
149
149
150
150
149
150
150
150
149
151
149
150
150
150
151
151
151
150
150
152
152
150
152
150
150
150
151
151
151
144
154
150
151
152
151
152
151
154
152
150
151
152
151
152
153
152
152
152
152
154
154
153
153
153
154
153
152
154
152
154
154
155
155
154
155
155
155
156
159
156
156
157
157
155
155
158
156
155
158
157
157
158
157
156
157
157
156
158
158
156
156
154
157
156
154
156
157
157
156
156
154
155
156
156
155
155
156
155
155
158
155
154
155
155
155
151
154
154
154
154
154
155
154
154
154
154
154
159
153
177
153
154
153
149
153
154
153
154
153
152
155
159
152
155
156
153
153
153
154
153
153
153
153
152
151
151
153
152
153
152
144
154
153
152
152
153
152
152
153
153
151
