52
53
52
52
52
52
50
52
50
52
52
52
52
51
52
51
52
51
52
52
51
52
52
52
49
52
52
52
52
52
52
52
52
53
52
52
52
52
50
52
50
52
52
52
52
51
52
51
52
51
52
52
51
52
52
52
50
49
49
49
49
46
48
48
49
48
50
48
49
48
47
49
48
48
46
47
49
47
47
47
47
50
46
47
46
47
47
46
47
46
48
47
48
47
47
49
48
48
47
49
48
48
49
49
48
48
49
59
48
48
48
48
49
49
49
49
49
49
48
49
52
50
49
49
50
49
49
50
47
49
50
49
48
48
49
49
48
49
47
48
48
49
48
48
48
48
48
48
48
47
47
54
48
47
48
48
48
47
48
48
49
48
49
48
50
49
50
49
50
51
51
51
51
52
51
52
53
50
52
52
53
52
54
53
53
53
54
53
53
62
57
54
54
55
54
55
54
54
54
55
54
49
54
56
54
53
52
57
53
51
51
52
52
51
51
51
50
51
50
50
50
51
46
49
50
47
50
46
49
49
49
49
49
48
49
49
49
56
48
51
48
49
49
50
49
48
49
50
50
49
49
50
49
49
49
49
51
50
50
50
51
51
50
50
52
48
50
50
50
51
50
49
49
50
49
48
49
48
51
51
49
48
49
48
47
48
49
48
48
47
48
47
43
49
47
48
46
47
47
47
47
47
47
48
48
47
49
47
48
48
47
48
48
48
48
50
47
50
48
48
48
49
48
49
48
49
50
48
48
50
50
49
50
49
50
49
49
49
49
50
49
49
49
51
50
48
52
49
48
48
48
48
49
48
47
47
48
49
45
48
49
48
47
47
47
47
47
47
46
47
46
46
47
47
45
47
48
46
46
46
46
46
47
45
45
45
45
48
45
47
45
46
46
45
45
46
45
45
46
45
45
44
43
45
45
46
45
45
45
45
45
45
45
46
44
45
45
44
44
42
44
45
45
45
44
44
45
44
45
45
45
44
44
44
45
45
45
44
44
45
44
44
44
44
45
44
44
45
45
44
44
45
46
45
44
45
44
45
44
48
44
45
44
44
44
45
44
45
44
46
44
47
45
44
45
45
44
44
45
44
43
44
44
45
44
44
44
45
45
44
43
44
45
43
45
39
45
44
44
45
45
44
44
45
44
44
44
47
