54
54
54
54
55
55
52
55
55
55
55
56
54
55
56
56
56
56
55
56
56
57
55
56
57
54
55
53
53
54
55
54
54
54
54
54
55
55
52
55
55
55
55
56
54
55
56
56
56
56
55
56
56
57
55
56
57
57
59
58
58
59
59
58
59
57
61
59
58
59
59
58
57
59
59
59
58
58
59
62
64
58
59
59
59
59
60
59
59
59
59
58
59
58
52
58
59
60
59
59
60
60
59
58
59
28
66
53
59
59
59
59
58
59
61
59
59
59
59
59
59
61
59
60
58
59
59
60
59
60
60
60
61
59
59
60
59
59
59
59
59
59
62
58
59
60
59
59
59
63
59
59
59
59
59
59
62
71
59
59
60
59
60
60
59
59
60
60
59
59
60
59
59
58
59
60
62
59
58
60
60
59
59
65
60
59
59
59
59
57
59
59
62
60
59
59
59
60
59
59
59
59
59
59
58
57
60
59
57
59
60
59
60
59
64
61
60
60
61
62
61
61
61
62
62
62
63
62
63
63
62
63
63
62
63
63
64
63
60
63
63
64
64
64
63
65
63
63
63
65
64
62
60
63
63
61
63
63
64
62
62
65
62
63
61
62
62
62
62
62
62
62
61
61
55
61
62
61
61
61
62
61
60
62
61
60
62
61
63
61
60
60
60
61
60
60
58
60
61
63
59
60
61
59
59
60
60
60
49
59
60
60
59
60
59
60
59
58
58
59
59
58
58
59
58
58
58
53
58
57
60
56
58
56
56
56
57
57
55
54
55
55
54
55
55
57
55
54
54
54
55
56
55
55
59
54
55
57
55
55
55
55
55
55
55
55
56
56
55
56
56
56
56
56
56
57
57
57
56
55
57
63
57
56
58
58
57
57
57
58
57
57
58
58
54
58
57
58
59
58
56
53
59
57
58
58
59
58
58
59
59
58
58
58
58
59
59
58
59
58
59
58
59
59
59
58
59
59
61
59
60
52
59
59
59
58
59
59
62
58
59
63
58
59
58
59
60
59
62
58
60
57
59
59
62
59
58
59
59
59
58
54
58
58
57
58
57
58
60
57
57
57
57
56
57
56
57
56
57
56
55
56
55
62
55
55
55
53
54
55
56
54
54
54
51
54
54
54
55
53
54
53
54
53
52
53
53
53
55
53
53
53
53
53
53
44
52
53
56
52
53
52
54
52
53
53
52
53
52
52
52
53
56
53
52
49
52
53
53
51
52
52
54
52
49
51
52
53
52
52
52
53
52
51
53
52
52
