146
145
145
145
145
146
146
145
147
146
143
145
145
146
144
145
148
146
144
144
145
145
145
145
145
148
148
149
147
148
149
148
148
149
151
150
148
149
150
148
149
150
149
149
149
150
149
149
150
149
150
149
150
149
150
149
150
149
149
149
149
150
149
149
149
149
149
148
149
149
148
146
148
149
148
148
148
147
148
147
148
147
148
147
146
147
148
147
147
147
148
146
146
148
148
147
149
147
147
148
148
148
147
148
148
148
148
149
151
148
149
150
149
149
150
149
152
149
149
149
147
150
149
153
152
150
149
151
150
150
150
149
151
150
150
149
150
148
149
147
145
149
149
148
148
149
149
149
149
148
148
147
148
147
149
147
145
147
147
145
148
147
148
149
147
148
152
148
148
149
149
148
144
148
148
149
149
148
149
148
149
149
149
149
150
149
149
150
152
149
150
149
150
151
150
152
133
150
149
150
149
150
149
151
149
149
149
150
150
148
152
148
148
148
149
148
148
148
149
137
148
148
148
148
147
147
147
148
148
147
146
147
149
146
146
147
147
146
146
148
146
151
146
145
146
146
146
145
147
145
145
146
146
146
145
146
146
147
145
145
146
146
145
145
145
145
147
145
146
146
146
145
145
144
145
144
145
145
145
145
144
145
145
145
145
144
145
146
147
144
144
145
144
145
145
145
144
145
134
144
145
145
144
145
145
144
144
145
146
144
145
145
145
155
146
146
148
145
145
144
144
146
145
143
145
145
144
144
145
146
145
147
145
145
145
144
144
144
145
142
144
145
146
144
144
145
145
144
146
144
144
144
145
144
144
131
145
144
144
146
145
143
144
146
144
144
144
145
144
145
145
145
146
145
141
144
146
145
145
145
146
147
146
146
147
150
146
148
147
147
147
145
147
149
148
148
148
148
150
148
147
149
149
149
149
149
149
149
149
151
149
150
148
149
150
150
149
147
150
149
145
150
149
148
149
151
148
148
149
147
148
147
149
152
148
148
149
149
147
147
150
146
146
147
147
148
147
146
144
147
147
146
148
148
147
147
148
146
148
142
148
148
149
148
149
148
146
148
148
148
149
149
147
150
154
149
150
150
149
149
150
150
149
150
150
150
144
150
151
149
150
150
149
149
149
149
149
148
148
146
149
148
149
148
150
149
147
147
148
137
155
148
147
148
148
146
148
146
147
146
146
149
148
146
146
147
147
145
147
146
145
147
146
146
147
146
146
145
146
147
145
145
145
147
146
145
145
141
