1.419999999999999929e+01	2.200000000000000000e+02	8.840115020330681972e+00
1.419999999999999929e+01	2.300000000000000000e+02	9.455012722891030563e+00
1.419999999999999929e+01	2.400000000000000000e+02	1.002020692238963484e+01
1.419999999999999929e+01	2.500000000000000000e+02	1.000476615159721128e+01
1.429999999999999893e+01	2.000000000000000000e+02	7.561743175709729314e+00
1.429999999999999893e+01	2.100000000000000000e+02	8.205071056608684188e+00
1.439999999999999858e+01	1.500000000000000000e+02	4.423650709254521196e+00
1.439999999999999858e+01	1.600000000000000000e+02	5.129044658620104613e+00
1.439999999999999858e+01	1.700000000000000000e+02	5.696875630277998148e+00
1.439999999999999858e+01	1.800000000000000000e+02	6.247756122545668589e+00
1.439999999999999858e+01	1.900000000000000000e+02	6.847861115861451076e+00
1.439999999999999858e+01	2.200000000000000000e+02	8.912619953256900374e+00
1.439999999999999858e+01	2.300000000000000000e+02	9.565734665251548918e+00
1.439999999999999858e+01	2.400000000000000000e+02	1.016032958323913604e+01
1.439999999999999858e+01	2.500000000000000000e+02	1.019747447926934036e+01
1.449999999999999822e+01	1.400000000000000000e+02	4.020847584574052114e+00
1.449999999999999822e+01	1.500000000000000000e+02	4.506241131369785435e+00
1.449999999999999822e+01	1.600000000000000000e+02	5.090854746409853249e+00
1.449999999999999822e+01	2.200000000000000000e+02	8.872105621055546010e+00
1.459999999999999787e+01	1.000000000000000000e+01	1.812164400158788047e-01
1.459999999999999787e+01	2.000000000000000000e+01	4.568077709633451278e-01
1.459999999999999787e+01	3.000000000000000000e+01	5.775930353139744344e-01
1.459999999999999787e+01	4.000000000000000000e+01	8.779772730518434765e-01
1.459999999999999787e+01	5.000000000000000000e+01	1.007925196420605074e+00
1.459999999999999787e+01	6.000000000000000000e+01	1.202230676819758814e+00
1.459999999999999787e+01	7.000000000000000000e+01	1.452100668402270811e+00
1.459999999999999787e+01	8.000000000000000000e+01	1.668468695619469422e+00
1.459999999999999787e+01	9.000000000000000000e+01	1.973902920783478843e+00
1.459999999999999787e+01	1.000000000000000000e+02	2.331745601556811209e+00
1.459999999999999787e+01	1.100000000000000000e+02	2.649943821554704204e+00
1.459999999999999787e+01	1.200000000000000000e+02	3.101107365219475387e+00
1.459999999999999787e+01	1.300000000000000000e+02	3.524855087750983440e+00
1.459999999999999787e+01	1.600000000000000000e+02	5.234800205402245332e+00
1.459999999999999787e+01	1.900000000000000000e+02	6.917107205429923411e+00
1.459999999999999787e+01	2.000000000000000000e+02	7.652786348771249969e+00
1.459999999999999787e+01	2.100000000000000000e+02	8.245057982122547813e+00
1.459999999999999787e+01	2.300000000000000000e+02	9.752095179195984898e+00
1.469999999999999751e+01	1.200000000000000000e+02	3.203090781037164270e+00
1.469999999999999751e+01	1.300000000000000000e+02	3.550252895189574431e+00
1.469999999999999751e+01	1.400000000000000000e+02	4.095782254310757153e+00
1.469999999999999751e+01	1.500000000000000000e+02	4.594292757697502338e+00
1.469999999999999751e+01	1.700000000000000000e+02	5.740114613795269882e+00
1.469999999999999751e+01	1.800000000000000000e+02	6.413120388257635973e+00
1.469999999999999751e+01	2.100000000000000000e+02	8.457966317406715007e+00
1.469999999999999751e+01	2.200000000000000000e+02	9.060451319930411529e+00
1.469999999999999751e+01	2.400000000000000000e+02	1.039343513050448742e+01
1.469999999999999751e+01	2.500000000000000000e+02	1.031269219671204596e+01
1.479999999999999716e+01	1.000000000000000000e+01	1.853513054108235081e-01
1.479999999999999716e+01	2.000000000000000000e+01	3.856011459995719592e-01
1.479999999999999716e+01	3.000000000000000000e+01	6.687761222130147454e-01
1.479999999999999716e+01	4.000000000000000000e+01	7.685750082969116104e-01
1.479999999999999716e+01	5.000000000000000000e+01	9.906345107566597585e-01
1.479999999999999716e+01	6.000000000000000000e+01	1.259272978604412119e+00
1.479999999999999716e+01	7.000000000000000000e+01	1.508998418855129531e+00
1.479999999999999716e+01	8.000000000000000000e+01	1.683161792125565936e+00
1.479999999999999716e+01	9.000000000000000000e+01	2.038181811070987060e+00
1.479999999999999716e+01	1.000000000000000000e+02	2.295098370434030421e+00
1.479999999999999716e+01	1.100000000000000000e+02	2.703526277863684157e+00
1.479999999999999716e+01	1.200000000000000000e+02	3.136219462918069745e+00
1.479999999999999716e+01	1.900000000000000000e+02	7.228968025767550820e+00
1.479999999999999716e+01	2.000000000000000000e+02	7.664496949035140005e+00
1.479999999999999716e+01	2.100000000000000000e+02	8.461774680841704921e+00
1.479999999999999716e+01	2.200000000000000000e+02	9.805272056387780211e+00
1.479999999999999716e+01	2.400000000000000000e+02	1.073631235619079227e+01
1.479999999999999716e+01	2.500000000000000000e+02	1.120324770590267072e+01
1.489999999999999680e+01	1.200000000000000000e+02	3.146738366966693956e+00
1.489999999999999680e+01	1.300000000000000000e+02	3.602917803194324087e+00
1.489999999999999680e+01	1.400000000000000000e+02	4.166268887310461189e+00
1.489999999999999680e+01	1.500000000000000000e+02	4.648717681760655474e+00
1.489999999999999680e+01	1.600000000000000000e+02	5.138448406314452654e+00
1.489999999999999680e+01	1.700000000000000000e+02	5.866501916098041391e+00
1.489999999999999680e+01	1.800000000000000000e+02	6.420765607432042721e+00
1.489999999999999680e+01	1.900000000000000000e+02	7.301827528419721602e+00
1.489999999999999680e+01	2.000000000000000000e+02	8.384152787045620059e+00
1.489999999999999680e+01	2.100000000000000000e+02	9.126709441683283686e+00
1.489999999999999680e+01	2.200000000000000000e+02	9.393414916515629542e+00
1.489999999999999680e+01	2.300000000000000000e+02	1.038395616813726008e+01
1.489999999999999680e+01	2.400000000000000000e+02	1.124391986962991830e+01
1.489999999999999680e+01	2.500000000000000000e+02	1.068033750316828545e+01
1.499999999999999645e+01	1.000000000000000000e+01	1.600530922239185583e-01
1.499999999999999645e+01	2.000000000000000000e+01	4.154033617685870539e-01
1.499999999999999645e+01	3.000000000000000000e+01	6.384293199201653835e-01
1.499999999999999645e+01	4.000000000000000000e+01	8.236269870077940203e-01
1.499999999999999645e+01	5.000000000000000000e+01	1.042608532674714317e+00
1.499999999999999645e+01	6.000000000000000000e+01	1.245238411728833094e+00
1.499999999999999645e+01	7.000000000000000000e+01	1.461073703995008355e+00
1.499999999999999645e+01	8.000000000000000000e+01	1.704000008255813325e+00
1.499999999999999645e+01	9.000000000000000000e+01	1.997397621165727832e+00
1.499999999999999645e+01	1.000000000000000000e+02	2.302931784248313463e+00
1.499999999999999645e+01	1.100000000000000000e+02	2.736471676508408279e+00
1.499999999999999645e+01	1.200000000000000000e+02	3.209925699990308079e+00
1.499999999999999645e+01	1.300000000000000000e+02	3.656938104531047617e+00
1.499999999999999645e+01	1.500000000000000000e+02	4.959215367571810695e+00
1.499999999999999645e+01	1.700000000000000000e+02	6.306693531536574859e+00
1.499999999999999645e+01	1.800000000000000000e+02	6.973907156800742690e+00
1.499999999999999645e+01	1.900000000000000000e+02	7.417632907847022672e+00
1.499999999999999645e+01	2.000000000000000000e+02	8.143282141631607018e+00
1.499999999999999645e+01	2.100000000000000000e+02	8.865465869409348443e+00
1.509999999999999609e+01	1.000000000000000000e+01	2.812120748181991536e-01
1.509999999999999609e+01	2.000000000000000000e+01	4.210177788303837709e-01
1.509999999999999609e+01	3.000000000000000000e+01	6.677657648432421267e-01
1.509999999999999609e+01	4.000000000000000000e+01	8.529521514755300515e-01
1.509999999999999609e+01	5.000000000000000000e+01	1.096313930231895162e+00
1.509999999999999609e+01	6.000000000000000000e+01	1.338123780198340995e+00
1.509999999999999609e+01	7.000000000000000000e+01	1.600962810508791412e+00
1.509999999999999609e+01	8.000000000000000000e+01	1.821584788477074390e+00
1.509999999999999609e+01	9.000000000000000000e+01	2.153022815168990078e+00
1.509999999999999609e+01	1.000000000000000000e+02	2.495238601558788183e+00
1.509999999999999609e+01	1.100000000000000000e+02	2.954314946569821299e+00
1.509999999999999609e+01	1.200000000000000000e+02	3.463682548544803730e+00
1.509999999999999609e+01	1.300000000000000000e+02	3.830548961785070539e+00
1.509999999999999609e+01	1.400000000000000000e+02	4.439596891862709782e+00
1.509999999999999609e+01	1.500000000000000000e+02	4.994653631921848635e+00
1.509999999999999609e+01	1.600000000000000000e+02	5.550099414213542026e+00
1.509999999999999609e+01	1.700000000000000000e+02	6.178395683848508568e+00
1.509999999999999609e+01	1.800000000000000000e+02	6.837839890878390392e+00
1.519999999999999574e+01	1.000000000000000000e+01	2.271312341411511337e-01
1.519999999999999574e+01	2.000000000000000000e+01	4.579294009694360734e-01
1.519999999999999574e+01	3.000000000000000000e+01	6.601705456314957976e-01
1.519999999999999574e+01	4.000000000000000000e+01	8.711450477949019833e-01
1.519999999999999574e+01	5.000000000000000000e+01	1.099967507842476877e+00
1.519999999999999574e+01	6.000000000000000000e+01	1.300959357675426142e+00
1.519999999999999574e+01	7.000000000000000000e+01	1.534063153719621653e+00
1.519999999999999574e+01	8.000000000000000000e+01	1.865670492502283784e+00
1.519999999999999574e+01	9.000000000000000000e+01	2.092730446070548034e+00
1.519999999999999574e+01	1.100000000000000000e+02	2.925560849634729621e+00
1.519999999999999574e+01	1.200000000000000000e+02	3.419936074546730431e+00
